./Images/output/box_0230.jpg 254,96,285,133,0 266,204,301,237,0 255,289,297,326,0 409,234,454,281,0 421,150,464,193,0 424,57,473,101,0 310,26,357,61,0 160,47,202,84,0 170,125,212,173,0 179,192,218,236,0 
./Images/output/box_0219.jpg 347,62,398,95,0 355,150,393,184,0 360,233,402,265,0 197,280,246,318,0 176,191,231,232,0 168,93,203,121,0 129,77,162,112,0 145,153,178,186,0 152,218,187,258,0 253,61,294,81,0 
./Images/output/box_0317.jpg 267,184,281,200,0 278,91,303,121,0 386,114,416,136,0 374,204,398,217,0 373,212,392,233,0 145,166,170,183,0 151,180,185,202,0 172,82,208,110,0 
./Images/output/box_0114.jpg 12,14,27,27,0 23,148,44,168,0 29,230,47,250,0 269,130,290,146,0 242,208,263,227,0 178,10,195,25,0 
./Images/output/box_0356.jpg 255,63,289,96,0 395,113,435,141,0 404,187,432,219,0 398,256,434,289,0 265,128,308,162,0 275,179,309,216,0 482,182,518,218,0 500,122,533,159,0 501,49,538,85,0 354,19,398,47,0 
./Images/output/box_0194.jpg 147,6,163,20,0 211,75,226,96,0 204,124,221,139,0 56,144,80,157,0 67,178,89,196,0 6,47,24,62,0 
./Images/output/box_0508.jpg 351,125,389,161,0 275,257,321,287,0 418,313,468,354,0 498,199,536,228,0 
./Images/output/box_0310.jpg 236,77,267,100,0 355,91,388,116,0 490,111,518,138,0 479,223,502,249,0 334,197,358,222,0 206,172,231,197,0 
./Images/output/box_0265.jpg 328,145,381,201,0 356,233,403,293,0 481,158,523,193,0 473,69,514,110,0 321,61,367,93,0 189,117,249,154,0 204,176,256,227,0 150,154,184,187,0 132,89,172,133,0 230,51,282,81,0 
./Images/output/box_0586.jpg 311,50,340,79,0 214,92,246,123,0 253,279,290,310,0 372,246,403,278,0 331,313,361,339,0 401,286,428,314,0 
./Images/output/box_0536.jpg 263,63,299,86,0 346,54,380,76,0 310,20,342,47,0 241,22,274,46,0 266,223,302,263,0 338,217,375,254,0 250,171,279,197,0 
./Images/output/box_0511.jpg 196,65,233,96,0 376,43,403,62,0 409,187,436,219,0 
./Images/output/box_0583.jpg 209,52,249,85,0 141,129,177,159,0 338,201,365,236,0 253,280,284,313,0 349,280,379,311,0 400,225,429,258,0 319,130,353,165,0 
./Images/output/box_0533.jpg 221,61,247,89,0 274,98,327,138,0 208,126,235,154,0 143,70,185,111,0 163,228,198,256,0 226,292,256,335,0 296,272,336,302,0 
./Images/output/box_0007.jpg 168,10,194,32,0 318,53,335,84,0 299,143,324,166,0 134,151,165,173,0 136,242,161,267,0 6,69,27,88,0 10,138,37,166,0 
./Images/output/box_0383.jpg 320,54,350,83,0 316,164,350,199,0 311,238,350,279,0 247,246,285,282,0 237,167,279,202,0 249,49,278,83,0 
./Images/output/box_0011.jpg 5,78,32,100,0 16,150,37,176,0 188,167,215,195,0 170,242,201,269,0 142,3,166,20,0 
./Images/output/box_0026.jpg 153,3,182,19,0 344,56,365,81,0 206,272,233,298,0 2,142,24,173,0 25,206,49,230,0 332,122,350,150,0 
./Images/output/box_0334.jpg 292,146,329,173,0 304,235,335,265,0 547,279,575,310,0 557,174,593,204,0 564,113,596,145,0 371,104,410,130,0 226,99,262,121,0 133,133,170,158,0 140,199,179,234,0 
./Images/output/box_0494.jpg 313,112,331,128,0 321,103,342,118,0 434,137,454,155,0 437,152,456,169,0 384,273,402,297,0 271,236,296,263,0 
./Images/output/box_0343.jpg 244,158,265,174,0 349,192,370,207,0 387,111,409,130,0 285,88,316,108,0 356,235,379,255,0 392,164,409,180,0 265,210,286,226,0 
./Images/output/box_0510.jpg 415,106,437,137,0 394,253,421,283,0 222,244,255,275,0 239,86,269,115,0 
./Images/output/box_0024.jpg 7,129,29,153,0 27,182,57,204,0 210,217,233,240,0 206,259,231,278,0 302,38,321,59,0 
./Images/output/box_0475.jpg 256,34,296,68,0 247,263,292,305,0 60,272,98,303,0 52,35,102,61,0 
./Images/output/box_0293.jpg 463,114,488,145,0 468,174,491,199,0 387,250,420,282,0 391,300,428,333,0 194,187,223,210,0 218,229,249,254,0 291,76,317,104,0 169,54,197,78,0 82,138,111,158,0 107,188,143,214,0 
./Images/output/box_0519.jpg 341,10,375,45,0 378,30,405,71,0 361,242,395,270,0 401,227,429,257,0 203,240,242,277,0 197,48,231,82,0 
./Images/output/box_0428.jpg 268,28,304,56,0 326,61,356,97,0 318,171,347,206,0 202,151,237,183,0 223,247,255,280,0 183,210,213,246,0 149,107,182,137,0 
./Images/output/box_0318.jpg 297,99,321,121,0 283,188,303,211,0 390,204,418,227,0 407,115,429,142,0 182,82,214,108,0 169,166,194,191,0 
./Images/output/box_0163.jpg 111,19,124,34,0 92,77,111,95,0 92,103,108,112,0 4,64,16,76,0 5,86,21,97,0 22,2,42,15,0 
./Images/output/box_0500.jpg 243,192,272,222,0 282,302,310,328,0 415,273,441,298,0 429,254,458,275,0 369,145,399,173,0 397,144,415,168,0 
./Images/output/box_0023.jpg 8,119,32,143,0 11,163,30,183,0 170,185,195,214,0 155,227,177,249,0 229,53,248,76,0 95,2,122,23,0 
./Images/output/box_0542.jpg 282,155,308,177,0 328,152,352,175,0 333,188,358,212,0 285,196,309,214,0 295,293,318,317,0 339,285,368,310,0 
./Images/output/box_0250.jpg 201,197,222,217,0 266,283,284,300,0 469,334,490,355,0 512,271,531,293,0 538,58,560,83,0 291,25,310,42,0 
./Images/output/box_0084.jpg 75,143,98,160,0 61,191,80,207,0 215,150,228,166,0 10,10,27,24,0 5,65,18,82,0 176,2,188,12,0 247,101,257,117,0 
./Images/output/box_0119.jpg 87,1,114,17,0 255,7,283,29,0 248,141,277,166,0 240,224,267,249,0 1,114,22,135,0 20,195,46,219,0 
./Images/output/box_0563.jpg 312,151,353,186,0 318,261,344,289,0 423,212,454,243,0 429,135,461,157,0 293,105,330,133,0 175,124,204,149,0 174,197,206,228,0 
./Images/output/box_0455.jpg 382,82,420,113,0 319,137,354,170,0 552,232,588,266,0 551,269,581,295,0 462,306,490,336,0 491,323,526,353,0 
./Images/output/box_0495.jpg 269,133,288,150,0 290,124,306,143,0 383,194,401,215,0 374,212,389,234,0 289,312,308,334,0 198,243,213,261,0 
./Images/output/box_0082.jpg 231,23,251,45,0 233,86,248,108,0 118,85,145,104,0 124,162,147,182,0 14,113,34,134,0 6,46,26,66,0 125,4,146,20,0 
./Images/output/box_0276.jpg 307,51,338,79,0 294,184,329,218,0 303,229,336,260,0 507,234,540,263,0 524,184,566,220,0 494,51,534,82,0 121,55,163,83,0 76,186,118,211,0 100,218,141,254,0 
./Images/output/box_0110.jpg 366,51,387,74,0 357,160,382,186,0 322,281,342,301,0 25,198,43,220,0 7,79,24,103,0 133,11,152,27,0 
./Images/output/box_0387.jpg 321,50,354,69,0 260,52,290,80,0 334,160,359,183,0 397,141,422,170,0 342,244,369,268,0 285,255,312,286,0 236,156,262,191,0 
./Images/output/box_0162.jpg 40,4,61,18,0 127,19,140,32,0 109,83,125,97,0 14,63,32,76,0 14,86,36,100,0 107,106,126,115,0 
./Images/output/box_0598.jpg 407,68,452,112,0 428,175,463,214,0 443,302,476,335,0 161,319,204,349,0 151,200,195,248,0 159,96,198,126,0 
./Images/output/box_0251.jpg 270,47,294,72,0 450,83,473,111,0 449,150,467,172,0 386,236,413,261,0 388,287,413,308,0 390,319,418,346,0 166,168,195,191,0 199,219,228,248,0 223,265,252,289,0 448,186,464,225,0 
./Images/output/box_0374.jpg 254,43,282,75,0 186,27,215,49,0 74,125,99,153,0 146,151,181,179,0 191,290,222,320,0 118,263,159,298,0 254,177,289,212,0 
./Images/output/box_0171.jpg 27,1,44,23,0 17,92,38,108,0 21,127,39,142,0 173,94,192,111,0 159,129,179,147,0 160,6,180,24,0 
./Images/output/box_0066.jpg 259,56,276,77,0 259,110,274,130,0 158,209,177,230,0 149,159,170,179,0 12,70,30,93,0 32,126,48,146,0 122,2,145,17,0 
./Images/output/box_0501.jpg 287,144,319,180,0 419,142,454,172,0 450,140,492,181,0 465,268,493,299,0 430,279,465,320,0 293,271,337,304,0 
./Images/output/box_0489.jpg 159,90,183,112,0 321,68,346,88,0 344,227,370,253,0 196,257,238,282,0 
./Images/output/box_0248.jpg 362,110,388,137,0 371,228,397,261,0 375,324,413,356,0 139,200,181,224,0 168,274,204,309,0 115,102,145,125,0 225,44,271,66,0 432,38,464,70,0 437,124,464,162,0 440,207,466,241,0 
./Images/output/box_0528.jpg 146,78,178,96,0 342,87,366,115,0 327,300,360,328,0 146,317,179,347,0 
./Images/output/box_0256.jpg 287,68,312,89,0 423,34,461,65,0 504,159,532,187,0 491,218,512,243,0 475,266,507,292,0 320,194,343,217,0 327,248,356,274,0 332,292,359,318,0 
./Images/output/box_0562.jpg 348,96,380,120,0 348,138,379,168,0 437,146,459,166,0 426,190,453,219,0 510,171,535,198,0 516,121,545,152,0 434,81,462,105,0 
./Images/output/box_0579.jpg 319,148,347,174,0 326,269,354,304,0 495,202,525,226,0 491,105,520,134,0 364,96,400,122,0 193,122,219,148,0 201,212,236,247,0 
./Images/output/box_0430.jpg 324,59,352,85,0 378,94,403,117,0 192,99,214,120,0 230,135,260,162,0 356,237,384,257,0 241,291,270,318,0 200,246,229,279,0 
./Images/output/box_0545.jpg 156,60,174,77,0 211,55,227,69,0 280,85,294,101,0 218,94,239,112,0 217,234,235,256,0 268,222,285,239,0 160,188,175,206,0 
./Images/output/box_0227.jpg 304,97,334,134,0 323,223,347,253,0 332,316,357,334,0 433,206,457,228,0 435,124,459,152,0 431,32,458,52,0 256,20,282,39,0 113,73,144,98,0 139,156,178,190,0 163,238,204,266,0 
./Images/output/box_0399.jpg 322,97,352,126,0 391,111,441,157,0 324,243,349,285,0 393,280,422,305,0 456,39,485,83,0 375,35,416,64,0 441,182,472,222,0 
./Images/output/box_0166.jpg 110,4,130,22,0 128,70,145,91,0 125,96,144,117,0 13,83,35,101,0 13,108,41,124,0 7,11,30,30,0 
./Images/output/box_0543.jpg 410,176,437,198,0 461,171,492,198,0 468,287,493,312,0 414,282,442,307,0 467,131,489,151,0 419,132,444,150,0 
./Images/output/box_0123.jpg 234,24,256,45,0 241,170,267,190,0 208,203,234,220,0 5,132,36,154,0 14,174,35,194,0 44,2,69,23,0 
./Images/output/box_0215.jpg 252,95,273,113,0 267,184,287,202,0 277,264,298,285,0 387,209,409,231,0 385,138,407,163,0 384,70,404,86,0 267,61,293,76,0 159,83,179,98,0 169,148,194,172,0 182,216,200,235,0 
./Images/output/box_0115.jpg 8,11,24,28,0 6,81,23,102,0 52,148,70,168,0 47,230,62,250,0 280,127,301,147,0 247,204,266,229,0 171,8,189,22,0 
./Images/output/box_0513.jpg 204,28,234,54,0 235,38,259,64,0 316,160,343,188,0 293,173,325,207,0 143,271,174,300,0 59,139,94,172,0 
./Images/output/box_0411.jpg 347,87,377,114,0 322,74,348,96,0 504,103,533,131,0 461,90,487,116,0 443,277,491,318,0 306,292,349,322,0 279,251,317,282,0 
./Images/output/box_0101.jpg 111,2,138,19,0 231,66,255,87,0 221,125,242,147,0 110,118,133,141,0 104,183,123,199,0 5,26,28,47,0 6,79,29,100,0 
./Images/output/box_0085.jpg 27,11,50,30,0 13,66,33,89,0 106,146,125,166,0 82,193,104,212,0 257,105,275,122,0 223,154,242,173,0 177,3,200,20,0 
./Images/output/box_0375.jpg 225,104,252,129,0 280,134,309,162,0 324,60,353,85,0 380,86,404,107,0 363,207,391,233,0 277,272,307,297,0 227,244,260,271,0 
./Images/output/box_0329.jpg 286,120,318,149,0 391,75,423,106,0 402,152,426,183,0 287,209,321,243,0 154,89,180,118,0 165,155,193,186,0 257,67,296,89,0 180,58,212,82,0 85,77,119,105,0 94,130,127,164,0 
./Images/output/box_0052.jpg 5,64,27,88,0 41,186,71,209,0 337,250,378,278,0 348,89,374,114,0 407,2,428,21,0 410,104,428,131,0 159,4,190,18,0 
./Images/output/box_0384.jpg 354,65,381,92,0 291,63,315,87,0 286,167,314,199,0 359,171,387,199,0 345,250,371,283,0 282,256,312,282,0 
./Images/output/box_0210.jpg 182,65,211,92,0 193,179,223,210,0 203,285,225,310,0 455,325,485,348,0 474,206,498,241,0 483,84,507,107,0 255,57,283,74,0 475,69,500,87,0 
./Images/output/box_0147.jpg 2,72,22,97,0 22,171,46,200,0 318,102,339,124,0 294,217,318,240,0 312,7,335,28,0 90,0,116,17,0 
./Images/output/box_0477.jpg 92,103,117,129,0 140,100,162,116,0 283,112,306,134,0 269,126,291,147,0 260,321,285,349,0 283,277,301,304,0 95,302,125,328,0 
./Images/output/box_0071.jpg 146,5,167,23,0 215,116,241,139,0 212,173,233,195,0 35,172,60,191,0 51,222,76,245,0 2,34,20,55,0 
./Images/output/box_0461.jpg 373,77,426,114,0 403,160,450,206,0 270,276,330,325,0 218,143,270,184,0 64,186,109,228,0 99,274,149,326,0 
./Images/output/box_0125.jpg 2,117,21,136,0 21,185,46,207,0 256,208,285,230,0 238,266,265,292,0 314,48,338,73,0 106,4,127,21,0 
./Images/output/box_0008.jpg 1,79,24,110,0 11,155,43,182,0 138,159,167,188,0 143,249,179,271,0 302,127,326,146,0 305,41,335,65,0 159,3,190,21,0 
./Images/output/box_0401.jpg 213,89,252,123,0 280,79,309,101,0 322,174,353,204,0 247,192,280,223,0 264,271,301,306,0 317,261,348,290,0 
./Images/output/box_0515.jpg 202,60,243,87,0 382,43,414,73,0 395,252,425,283,0 224,259,262,288,0 
./Images/output/box_0220.jpg 238,100,261,124,0 252,206,277,229,0 264,296,287,320,0 411,242,437,269,0 408,158,438,191,0 406,75,444,102,0 303,69,328,87,0 172,87,206,110,0 183,160,210,186,0 196,233,218,255,0 
./Images/output/box_0534.jpg 338,111,376,142,0 263,132,294,163,0 275,305,302,339,0 339,273,379,310,0 202,233,234,268,0 181,75,220,115,0 255,69,299,101,0 
./Images/output/box_0127.jpg 7,43,33,71,0 44,194,66,214,0 66,280,90,300,0 325,205,350,225,0 358,115,384,138,0 231,6,253,19,0 
./Images/output/box_0029.jpg 5,65,26,88,0 76,185,101,211,0 88,243,110,266,0 21,123,40,152,0 180,4,207,21,0 290,89,314,118,0 275,150,303,181,0 
./Images/output/box_0001.jpg 187,4,217,32,0 258,85,288,117,0 235,156,263,185,0 38,179,63,207,0 41,105,64,131,0 12,8,35,29,0 7,65,30,90,0 
./Images/output/box_0349.jpg 171,71,199,101,0 296,145,333,182,0 301,235,327,266,0 288,295,329,336,0 173,136,208,182,0 186,210,216,245,0 407,233,433,258,0 408,163,446,203,0 429,98,455,130,0 294,43,325,72,0 
./Images/output/box_0442.jpg 471,151,510,183,0 531,177,554,206,0 527,278,550,308,0 467,290,501,326,0 223,153,256,182,0 220,243,255,283,0 
./Images/output/box_0067.jpg 2,74,20,91,0 16,131,31,148,0 151,160,175,179,0 149,212,173,231,0 243,62,264,85,0 237,116,259,133,0 104,3,128,20,0 
./Images/output/box_0307.jpg 264,118,292,141,0 425,111,457,134,0 467,205,496,227,0 454,261,488,290,0 259,208,295,237,0 263,269,296,293,0 46,221,78,242,0 65,271,102,301,0 91,123,123,152,0 
./Images/output/box_0281.jpg 332,22,353,46,0 436,40,466,69,0 464,128,493,158,0 335,115,366,138,0 340,264,372,295,0 509,279,541,303,0 466,317,498,338,0 324,301,352,328,0 321,62,341,87,0 
./Images/output/box_0590.jpg 219,167,252,196,0 359,115,389,141,0 424,202,457,238,0 270,240,309,268,0 488,74,522,103,0 440,4,474,35,0 326,61,358,89,0 
./Images/output/box_0244.jpg 229,5,270,36,0 582,15,617,51,0 568,155,611,205,0 227,141,289,189,0 229,268,282,322,0 543,298,600,341,0 
./Images/output/box_0031.jpg 296,40,319,66,0 77,4,103,21,0 9,136,35,165,0 22,195,49,225,0 295,196,323,223,0 259,254,289,275,0 
./Images/output/box_0575.jpg 420,151,440,179,0 414,205,443,234,0 246,181,280,207,0 232,132,270,160,0 277,43,305,68,0 426,51,458,84,0 
./Images/output/box_0238.jpg 327,37,354,59,0 327,111,353,137,0 328,187,358,210,0 193,227,231,258,0 181,138,222,174,0 175,55,200,80,0 100,47,135,70,0 110,109,150,147,0 120,176,156,208,0 
./Images/output/box_0472.jpg 313,15,343,49,0 366,224,399,267,0 456,291,485,320,0 413,148,444,189,0 217,65,247,96,0 230,271,273,308,0 371,324,402,350,0 
./Images/output/box_0476.jpg 314,43,349,74,0 306,278,339,311,0 107,275,144,308,0 108,37,146,65,0 
./Images/output/box_0373.jpg 208,36,231,69,0 141,24,168,51,0 20,121,53,151,0 93,140,123,169,0 146,278,180,313,0 83,255,120,289,0 225,171,254,203,0 
./Images/output/box_0091.jpg 1,62,31,107,0 424,82,450,121,0 380,251,410,278,0 4,262,45,286,0 270,6,294,29,0 64,1,85,20,0 
./Images/output/box_0239.jpg 207,38,235,67,0 220,157,256,187,0 239,251,273,285,0 345,173,378,207,0 341,96,371,125,0 336,10,363,39,0 50,44,86,70,0 176,19,213,36,0 69,131,115,165,0 94,205,132,237,0 
./Images/output/box_0010.jpg 3,80,20,109,0 10,151,32,179,0 154,172,179,193,0 150,252,174,274,0 298,50,318,73,0 288,129,309,149,0 143,3,171,20,0 
./Images/output/box_0436.jpg 316,48,349,85,0 303,220,346,265,0 202,260,236,298,0 153,238,185,278,0 143,45,175,74,0 189,36,240,78,0 
./Images/output/box_0243.jpg 487,152,513,186,0 476,296,504,331,0 148,138,191,175,0 161,268,195,301,0 141,2,180,32,0 496,2,533,33,0 
./Images/output/box_0368.jpg 249,190,281,211,0 364,192,399,217,0 370,293,394,318,0 235,284,263,314,0 241,317,270,341,0 353,321,386,346,0 
./Images/output/box_0544.jpg 435,182,466,207,0 495,181,523,208,0 490,288,515,313,0 434,289,464,316,0 437,140,463,161,0 480,137,514,164,0 
./Images/output/box_0449.jpg 369,96,407,130,0 321,202,353,241,0 398,173,425,205,0 421,91,449,121,0 249,24,293,53,0 139,13,172,39,0 125,107,156,139,0 
./Images/output/box_0131.jpg 161,12,183,33,0 29,5,55,25,0 12,101,40,122,0 16,133,41,152,0 161,103,190,133,0 159,141,181,162,0 
./Images/output/box_0479.jpg 334,82,371,111,0 303,104,334,139,0 337,244,366,276,0 304,291,347,327,0 161,266,206,310,0 134,93,181,125,0 173,67,218,97,0 
./Images/output/box_0548.jpg 273,35,303,58,0 321,32,362,56,0 382,60,413,87,0 431,59,459,83,0 400,218,427,257,0 355,236,382,266,0 261,184,295,217,0 
./Images/output/box_0196.jpg 151,7,169,23,0 215,89,230,112,0 204,145,223,161,0 30,149,51,167,0 42,191,66,210,0 0,47,17,67,0 
./Images/output/box_0291.jpg 289,62,319,91,0 269,182,293,211,0 273,243,302,267,0 495,255,520,278,0 517,196,547,228,0 486,68,515,93,0 105,54,141,84,0 43,174,68,198,0 75,227,109,251,0 
./Images/output/box_0242.jpg 460,14,487,43,0 443,146,471,178,0 430,264,464,299,0 146,129,185,164,0 164,231,205,267,0 139,9,159,32,0 
./Images/output/box_0423.jpg 312,182,341,216,0 358,215,388,245,0 353,249,376,274,0 312,222,339,249,0 384,100,413,126,0 435,128,456,159,0 
./Images/output/box_0521.jpg 217,91,254,115,0 272,98,301,129,0 257,304,299,336,0 305,285,345,318,0 133,317,174,350,0 101,136,137,167,0 
./Images/output/box_0262.jpg 336,89,374,117,0 547,100,581,130,0 572,196,623,228,0 555,280,590,309,0 293,171,338,202,0 307,252,340,292,0 90,230,128,262,0 75,147,110,178,0 161,82,200,110,0 
./Images/output/box_0050.jpg 2,59,24,89,0 24,198,57,231,0 380,204,412,241,0 386,59,422,86,0 360,7,398,33,0 106,15,146,31,0 
./Images/output/box_0581.jpg 293,101,327,148,0 277,259,306,300,0 355,199,389,238,0 372,110,406,142,0 46,84,89,116,0 41,210,73,243,0 
./Images/output/box_0106.jpg 346,5,367,23,0 345,83,361,106,0 242,173,270,200,0 251,251,278,277,0 10,99,35,124,0 43,184,75,213,0 
./Images/output/box_0186.jpg 14,103,41,127,0 272,9,290,30,0 358,108,386,138,0 34,2,62,19,0 26,222,51,243,0 325,211,349,235,0 
./Images/output/box_0351.jpg 375,95,406,121,0 378,171,409,210,0 380,260,412,290,0 487,224,518,255,0 493,156,523,188,0 492,82,530,113,0 281,86,314,116,0 279,148,314,184,0 279,211,318,245,0 369,81,403,97,0 
./Images/output/box_0223.jpg 399,130,431,163,0 400,197,430,234,0 399,264,429,300,0 233,258,273,285,0 246,309,284,346,0 163,86,202,117,0 311,51,350,83,0 182,162,211,194,0 193,207,224,243,0 
./Images/output/box_0090.jpg 4,74,27,99,0 42,255,68,277,0 419,257,444,280,0 449,82,474,108,0 354,6,379,25,0 129,4,158,19,0 
./Images/output/box_0447.jpg 313,134,349,163,0 318,188,355,225,0 467,187,516,225,0 475,120,507,154,0 
./Images/output/box_0280.jpg 335,53,364,79,0 322,101,342,129,0 343,147,372,179,0 318,175,350,202,0 321,320,346,357,0 349,299,372,325,0 488,315,531,345,0 463,164,497,209,0 442,79,474,106,0 
./Images/output/box_0582.jpg 397,114,417,139,0 424,126,437,144,0 377,266,399,290,0 415,215,431,234,0 115,221,140,242,0 122,90,145,112,0 
./Images/output/box_0337.jpg 307,85,333,106,0 403,114,427,140,0 521,115,546,138,0 408,81,440,103,0 511,183,538,205,0 396,200,423,226,0 386,280,411,302,0 496,250,524,273,0 299,147,328,178,0 299,206,322,235,0 
./Images/output/box_0554.jpg 411,198,443,229,0 415,242,446,269,0 311,224,334,249,0 312,269,337,296,0 272,173,305,201,0 273,214,298,240,0 354,156,390,189,0 
./Images/output/box_0298.jpg 238,77,280,113,0 351,107,390,143,0 494,139,543,180,0 465,230,502,266,0 443,267,490,307,0 306,181,348,224,0 310,230,339,256,0 184,153,211,179,0 195,191,236,221,0 
./Images/output/box_0037.jpg 11,104,24,122,0 14,145,30,157,0 199,127,214,141,0 195,10,207,26,0 
./Images/output/box_0414.jpg 303,66,329,94,0 230,68,262,97,0 221,138,256,169,0 299,133,337,166,0 235,260,266,295,0 297,262,329,292,0 
./Images/output/box_0421.jpg 288,77,319,100,0 209,52,241,78,0 174,249,203,286,0 246,284,273,317,0 321,235,357,269,0 363,70,393,108,0 296,57,325,77,0 
./Images/output/box_0204.jpg 165,79,208,108,0 167,189,208,221,0 171,290,205,325,0 433,166,466,199,0 437,309,468,339,0 472,264,499,297,0 469,172,491,206,0 467,79,495,122,0 423,27,457,69,0 
./Images/output/box_0237.jpg 283,27,313,57,0 284,107,318,135,0 292,177,324,209,0 149,217,188,250,0 130,135,169,172,0 120,46,157,75,0 72,39,100,67,0 78,107,117,143,0 92,170,128,204,0 189,27,217,42,0 
./Images/output/box_0345.jpg 305,111,343,135,0 393,190,419,212,0 389,224,408,246,0 380,255,403,273,0 296,280,314,299,0 292,306,318,329,0 291,247,317,266,0 218,158,243,179,0 224,191,244,215,0 225,224,251,249,0 
./Images/output/box_0434.jpg 329,112,375,151,0 377,109,431,155,0 496,104,535,147,0 488,280,531,331,0 374,324,425,359,0 318,292,365,338,0 
./Images/output/box_0103.jpg 150,5,176,30,0 319,8,344,33,0 240,95,279,121,0 255,223,283,257,0 324,99,349,119,0 26,190,59,215,0 3,79,23,102,0 
./Images/output/box_0253.jpg 206,66,232,87,0 347,22,374,43,0 460,109,484,133,0 452,173,476,196,0 306,241,331,266,0 300,183,321,202,0 446,226,463,252,0 314,291,334,317,0 237,183,261,206,0 228,128,247,154,0 
./Images/output/box_0467.jpg 139,118,172,144,0 263,133,304,166,0 213,283,247,313,0 119,277,154,310,0 179,12,209,38,0 256,24,293,57,0 
./Images/output/box_0079.jpg 11,33,28,56,0 14,138,37,160,0 252,187,271,214,0 256,61,294,89,0 271,13,288,31,0 107,3,125,16,0 
./Images/output/box_0404.jpg 262,62,290,90,0 300,90,322,115,0 258,291,290,323,0 303,255,331,290,0 173,289,201,315,0 176,67,203,96,0 
./Images/output/box_0588.jpg 371,39,403,76,0 257,36,295,70,0 217,219,245,263,0 324,246,357,272,0 351,289,375,320,0 268,280,305,307,0 380,155,401,187,0 
./Images/output/box_0452.jpg 222,92,279,128,0 227,179,282,224,0 460,151,515,194,0 452,48,501,91,0 
./Images/output/box_0370.jpg 262,75,294,104,0 326,211,349,243,0 319,270,341,292,0 469,232,500,262,0 495,169,524,201,0 402,58,435,88,0 450,279,478,307,0 308,313,339,346,0 267,187,284,214,0 261,140,282,166,0 
./Images/output/box_0208.jpg 432,39,462,68,0 435,153,464,184,0 462,104,485,135,0 470,179,489,208,0 482,276,498,311,0 454,285,475,306,0 191,290,232,316,0 196,187,229,213,0 201,91,230,121,0 
./Images/output/box_0584.jpg 274,60,302,89,0 199,134,230,168,0 411,206,438,242,0 322,287,354,322,0 395,284,418,316,0 442,227,469,264,0 
./Images/output/box_0033.jpg 17,6,44,24,0 280,11,313,36,0 11,201,41,230,0 
./Images/output/box_0396.jpg 296,90,334,120,0 212,57,245,89,0 211,255,249,293,0 290,294,320,321,0 383,210,409,238,0 410,27,439,66,0 329,12,372,38,0 
./Images/output/box_0209.jpg 404,72,424,97,0 421,52,450,86,0 397,198,420,232,0 388,308,425,344,0 137,274,178,311,0 123,167,174,206,0 113,53,148,88,0 198,48,239,70,0 
./Images/output/box_0065.jpg 195,7,224,27,0 224,131,240,156,0 200,179,220,198,0 4,129,22,150,0 12,170,32,190,0 26,5,47,21,0 
./Images/output/box_0522.jpg 266,95,295,124,0 316,105,349,135,0 356,290,388,323,0 315,312,346,342,0 170,327,214,351,0 144,146,177,177,0 
./Images/output/box_0154.jpg 53,4,76,22,0 160,37,181,57,0 159,71,178,88,0 112,122,135,140,0 112,144,137,165,0 4,69,24,87,0 7,98,34,119,0 
./Images/output/box_0074.jpg 157,7,184,30,0 246,161,270,186,0 235,193,266,214,0 66,238,93,267,0 80,264,109,278,0 1,62,26,89,0 
./Images/output/box_0426.jpg 350,164,368,183,0 338,181,355,202,0 393,206,411,222,0 373,219,390,237,0 477,119,494,135,0 433,78,450,98,0 
./Images/output/box_0456.jpg 435,78,469,117,0 373,146,406,180,0 612,232,639,274,0 527,319,557,342,0 
./Images/output/box_0294.jpg 200,57,241,83,0 328,82,364,112,0 513,122,540,152,0 450,260,485,286,0 444,304,479,335,0 247,189,278,214,0 265,242,299,272,0 110,144,151,170,0 138,188,173,212,0 
./Images/output/box_0271.jpg 272,149,304,184,0 276,218,308,251,0 483,234,515,262,0 502,165,532,193,0 471,88,502,113,0 300,80,334,105,0 136,68,175,95,0 69,141,104,163,0 88,201,127,231,0 
./Images/output/box_0330.jpg 188,94,227,130,0 189,162,224,195,0 334,212,383,256,0 333,121,377,162,0 437,86,477,125,0 434,161,470,194,0 287,69,337,106,0 204,63,241,84,0 104,78,144,110,0 117,125,166,169,0 
./Images/output/box_0308.jpg 454,115,495,147,0 512,201,542,232,0 494,260,524,288,0 304,216,342,242,0 309,273,342,302,0 297,123,329,148,0 124,128,161,151,0 87,218,125,250,0 109,285,145,313,0 
./Images/output/box_0468.jpg 223,121,262,154,0 170,285,218,320,0 258,296,315,342,0 338,144,383,189,0 309,30,360,74,0 222,16,266,49,0 189,138,222,167,0 
./Images/output/box_0470.jpg 227,19,249,42,0 160,89,180,123,0 219,255,249,280,0 315,173,345,199,0 437,225,463,255,0 371,280,397,312,0 357,113,383,144,0 
./Images/output/box_0199.jpg 173,2,195,17,0 251,99,273,119,0 237,153,260,166,0 42,163,72,184,0 62,205,82,228,0 8,38,30,61,0 
./Images/output/box_0491.jpg 394,161,420,183,0 269,166,293,186,0 286,293,311,321,0 405,292,427,318,0 
./Images/output/box_0379.jpg 247,122,279,152,0 268,165,306,196,0 260,258,284,284,0 295,289,317,324,0 405,246,436,272,0 422,118,461,147,0 376,83,408,109,0 
./Images/output/box_0587.jpg 312,31,337,69,0 209,29,238,58,0 148,223,175,250,0 260,244,285,270,0 311,283,335,307,0 339,139,364,173,0 230,277,265,301,0 
./Images/output/box_0042.jpg 5,88,22,111,0 26,133,47,151,0 148,160,168,180,0 158,199,180,210,0 229,41,246,65,0 235,88,248,102,0 91,2,118,19,0 
./Images/output/box_0014.jpg 252,111,280,137,0 137,1,163,17,0 3,38,24,58,0 6,94,20,113,0 97,235,119,257,0 101,188,132,213,0 238,162,261,192,0 
./Images/output/box_0408.jpg 427,75,463,109,0 499,78,535,116,0 356,88,384,115,0 358,259,401,302,0 418,265,463,312,0 498,237,535,276,0 
./Images/output/box_0273.jpg 443,132,480,160,0 426,180,471,222,0 257,114,290,144,0 256,168,298,202,0 111,161,140,195,0 108,106,136,128,0 154,41,202,71,0 289,56,332,84,0 436,69,472,99,0 
./Images/output/box_0155.jpg 151,34,176,60,0 112,118,135,136,0 111,140,131,156,0 5,67,25,89,0 7,98,30,119,0 48,5,75,21,0 
./Images/output/box_0526.jpg 302,36,328,62,0 252,60,277,86,0 455,89,482,130,0 421,306,457,340,0 253,289,283,329,0 202,276,241,312,0 
./Images/output/box_0192.jpg 124,3,148,19,0 193,66,211,86,0 187,109,205,124,0 59,127,79,143,0 62,161,82,183,0 4,41,23,58,0 9,75,26,94,0 
./Images/output/box_0267.jpg 410,114,438,139,0 218,179,249,208,0 246,284,274,311,0 124,119,156,147,0 144,187,166,221,0 276,83,306,103,0 207,63,225,81,0 84,95,116,113,0 101,147,126,170,0 
./Images/output/box_0539.jpg 294,96,321,114,0 233,96,267,116,0 195,136,217,157,0 254,126,284,149,0 290,271,318,300,0 222,272,258,307,0 316,213,343,242,0 
./Images/output/box_0129.jpg 180,99,196,122,0 16,120,40,137,0 23,149,41,168,0 162,136,184,156,0 144,6,163,25,0 10,16,31,41,0 
./Images/output/box_0553.jpg 250,166,275,193,0 275,215,297,239,0 285,263,305,289,0 385,241,414,266,0 386,191,412,219,0 338,149,373,176,0 257,209,276,232,0 
./Images/output/box_0143.jpg 203,19,226,43,0 275,106,298,130,0 238,179,264,206,0 18,171,51,205,0 36,99,64,123,0 22,6,44,26,0 10,62,33,85,0 
./Images/output/box_0359.jpg 333,126,357,149,0 346,227,366,243,0 339,258,358,282,0 206,237,235,259,0 220,262,245,283,0 202,132,228,156,0 
./Images/output/box_0433.jpg 327,111,358,137,0 462,107,495,132,0 460,283,491,312,0 320,318,364,351,0 295,297,323,322,0 290,110,322,138,0 
./Images/output/box_0047.jpg 11,34,28,54,0 129,120,159,149,0 8,134,28,151,0 119,244,144,271,0 324,176,341,196,0 348,76,366,101,0 201,21,223,41,0 
./Images/output/box_0222.jpg 456,86,480,117,0 349,195,371,227,0 332,274,366,307,0 333,332,358,358,0 434,221,461,260,0 445,170,465,202,0 149,95,179,126,0 167,171,196,207,0 185,236,215,270,0 286,31,311,55,0 
./Images/output/box_0138.jpg 8,67,29,88,0 21,119,44,145,0 123,173,145,193,0 130,229,148,243,0 263,121,285,141,0 267,58,292,90,0 
./Images/output/box_0407.jpg 375,71,407,99,0 461,73,491,99,0 467,231,496,264,0 382,272,414,307,0 320,258,354,290,0 314,76,347,104,0 
./Images/output/box_0400.jpg 366,98,406,131,0 462,123,491,151,0 496,48,523,82,0 421,42,452,69,0 432,278,459,308,0 353,250,391,284,0 
./Images/output/box_0341.jpg 220,81,244,97,0 241,155,263,174,0 251,220,275,239,0 426,235,455,259,0 428,162,452,182,0 431,84,454,106,0 443,26,463,46,0 282,24,307,47,0 
./Images/output/box_0060.jpg 6,53,24,73,0 67,171,90,199,0 87,241,111,265,0 297,81,316,103,0 286,151,304,175,0 188,2,212,16,0 22,121,41,144,0 
./Images/output/box_0557.jpg 206,153,235,176,0 289,161,316,189,0 291,225,311,248,0 282,262,303,282,0 194,207,216,229,0 187,241,211,268,0 
./Images/output/box_0446.jpg 307,136,333,158,0 309,194,336,221,0 472,198,492,220,0 467,118,489,146,0 492,139,508,161,0 493,199,512,221,0 
./Images/output/box_0382.jpg 363,72,388,95,0 325,54,353,72,0 470,51,500,69,0 532,68,557,94,0 488,251,514,272,0 344,275,375,306,0 317,238,340,267,0 
./Images/output/box_0283.jpg 266,24,309,56,0 264,134,318,175,0 534,136,576,175,0 549,23,590,57,0 6,40,52,70,0 21,134,67,176,0 
./Images/output/box_0570.jpg 194,113,248,151,0 197,204,235,243,0 317,188,353,230,0 327,301,366,343,0 495,214,526,249,0 506,125,541,163,0 370,84,419,114,0 
./Images/output/box_0078.jpg 286,26,305,46,0 237,76,268,101,0 280,112,299,135,0 232,207,254,230,0 10,155,32,180,0 0,51,20,69,0 119,14,142,31,0 
./Images/output/box_0328.jpg 249,112,280,136,0 261,164,289,191,0 326,123,357,148,0 339,188,367,219,0 483,238,514,266,0 485,149,518,174,0 576,100,607,127,0 580,171,614,202,0 338,85,365,104,0 430,91,470,116,0 
./Images/output/box_0021.jpg 77,5,103,20,0 207,44,227,69,0 161,173,181,197,0 143,203,166,219,0 13,145,33,165,0 16,114,35,132,0 
./Images/output/box_0357.jpg 197,107,225,134,0 322,126,358,147,0 292,188,323,213,0 140,167,169,195,0 144,214,180,252,0 153,264,183,291,0 294,291,324,321,0 300,241,325,268,0 324,229,346,249,0 324,183,348,212,0 
./Images/output/box_0258.jpg 404,148,431,178,0 397,206,428,237,0 384,259,415,288,0 226,258,257,286,0 211,203,254,240,0 196,145,233,177,0 229,20,258,51,0 386,18,422,49,0 
./Images/output/box_0058.jpg 329,43,357,70,0 325,149,349,175,0 61,86,89,113,0 71,222,101,245,0 5,27,28,49,0 10,114,29,144,0 208,7,239,28,0 
./Images/output/box_0327.jpg 222,102,247,131,0 296,119,313,141,0 304,174,326,210,0 232,164,265,184,0 430,232,459,260,0 427,139,454,168,0 539,88,571,112,0 546,168,572,191,0 384,83,425,107,0 316,83,344,100,0 
./Images/output/box_0364.jpg 357,107,379,134,0 356,158,374,184,0 347,208,372,232,0 249,167,274,184,0 253,219,277,242,0 250,265,279,296,0 166,193,185,218,0 157,143,181,172,0 148,86,176,114,0 248,52,283,77,0 
./Images/output/box_0195.jpg 129,6,158,25,0 204,78,227,102,0 192,121,215,145,0 50,138,80,162,0 1,45,19,70,0 5,86,26,108,0 
./Images/output/box_0304.jpg 142,94,170,117,0 157,156,181,186,0 250,137,283,173,0 245,204,279,232,0 410,283,447,314,0 425,217,454,250,0 506,129,530,160,0 497,190,524,220,0 341,86,382,117,0 238,52,274,76,0 
./Images/output/box_0260.jpg 307,67,332,91,0 309,189,345,220,0 310,300,350,331,0 465,234,501,264,0 468,141,499,177,0 467,47,505,79,0 181,57,216,88,0 193,142,227,183,0 206,224,235,255,0 
./Images/output/box_0523.jpg 235,65,262,89,0 407,109,434,133,0 384,316,411,347,0 189,298,218,325,0 
./Images/output/box_0541.jpg 307,185,332,208,0 320,285,341,309,0 274,288,301,313,0 259,185,286,210,0 264,147,288,168,0 309,149,331,165,0 
./Images/output/box_0175.jpg 5,68,21,87,0 6,128,26,147,0 190,86,209,108,0 173,145,194,163,0 182,14,201,31,0 33,2,54,16,0 
./Images/output/box_0109.jpg 329,23,349,41,0 344,100,368,123,0 321,227,349,246,0 21,192,48,211,0 3,71,26,95,0 100,15,128,32,0 
./Images/output/box_0003.jpg 274,85,291,106,0 233,159,255,178,0 47,46,63,69,0 24,139,46,162,0 205,5,227,23,0 9,39,28,64,0 
./Images/output/box_0471.jpg 242,13,275,36,0 270,217,302,256,0 403,284,429,318,0 365,130,388,165,0 322,317,348,347,0 155,267,187,301,0 159,63,185,95,0 
./Images/output/box_0254.jpg 251,73,279,95,0 361,187,384,207,0 357,251,381,272,0 359,294,384,322,0 479,236,502,260,0 491,179,517,205,0 507,120,535,143,0 383,29,408,50,0 259,134,285,162,0 273,187,296,213,0 
./Images/output/box_0264.jpg 118,123,146,152,0 131,189,161,213,0 251,220,289,256,0 246,145,271,173,0 479,188,510,225,0 467,290,499,315,0 524,184,554,213,0 528,103,561,139,0 349,82,379,110,0 213,68,250,97,0 
./Images/output/box_0443.jpg 169,55,190,72,0 285,83,303,106,0 285,168,307,188,0 173,178,192,197,0 
./Images/output/box_0482.jpg 204,110,236,138,0 250,87,285,114,0 389,97,413,129,0 353,121,376,150,0 386,254,414,293,0 358,291,386,327,0 232,261,264,294,0 
./Images/output/box_0225.jpg 106,82,150,118,0 133,187,173,218,0 400,100,448,127,0 402,208,433,241,0 399,296,426,320,0 157,269,196,299,0 202,13,235,38,0 416,16,447,46,0 
./Images/output/box_0012.jpg 123,3,153,22,0 243,102,263,122,0 226,146,244,174,0 98,210,131,234,0 120,173,148,198,0 8,38,30,61,0 7,89,32,120,0 
./Images/output/box_0567.jpg 305,60,339,79,0 465,98,501,126,0 468,203,495,234,0 235,181,276,212,0 259,305,296,340,0 137,103,169,131,0 158,195,189,224,0 
./Images/output/box_0043.jpg 153,163,170,184,0 154,200,172,217,0 220,52,239,67,0 221,90,238,105,0 1,86,19,111,0 15,135,38,155,0 80,5,101,20,0 
./Images/output/box_0180.jpg 54,6,76,24,0 10,86,33,104,0 11,166,36,186,0 252,115,274,133,0 231,28,253,46,0 232,184,252,205,0 
./Images/output/box_0319.jpg 378,81,398,105,0 472,94,495,118,0 463,171,487,196,0 355,153,380,175,0 261,138,297,161,0 284,63,315,89,0 
./Images/output/box_0279.jpg 311,49,335,70,0 414,74,444,98,0 433,163,458,193,0 306,137,329,163,0 295,292,325,316,0 456,313,487,336,0 421,343,453,362,0 273,333,302,350,0 
./Images/output/box_0088.jpg 109,2,141,14,0 256,15,272,36,0 254,85,271,105,0 178,141,204,165,0 1,97,21,121,0 21,167,45,189,0 179,211,208,226,0 
./Images/output/box_0459.jpg 257,169,294,203,0 260,317,298,354,0 108,257,138,292,0 102,142,129,173,0 285,127,323,148,0 425,134,468,170,0 432,230,464,264,0 
./Images/output/box_0441.jpg 391,137,431,185,0 474,166,510,211,0 470,270,517,312,0 383,284,422,323,0 152,235,204,285,0 162,144,221,190,0 
./Images/output/box_0146.jpg 125,8,153,26,0 344,11,363,35,0 306,112,330,141,0 345,95,362,119,0 302,222,330,245,0 40,180,67,205,0 9,84,36,108,0 
./Images/output/box_0140.jpg 180,2,210,17,0 269,86,294,112,0 255,152,279,180,0 32,149,63,176,0 50,208,80,240,0 3,30,19,56,0 
./Images/output/box_0432.jpg 256,67,282,87,0 299,96,322,112,0 254,246,273,268,0 290,280,312,305,0 413,243,435,263,0 438,79,463,101,0 390,61,411,81,0 
./Images/output/box_0218.jpg 340,119,370,150,0 337,210,373,244,0 330,293,369,332,0 448,246,482,277,0 460,171,494,209,0 463,88,506,130,0 335,80,385,106,0 210,91,264,124,0 228,160,260,196,0 221,226,261,263,0 
./Images/output/box_0116.jpg 42,5,65,19,0 214,10,234,26,0 241,145,269,167,0 219,218,245,239,0 0,142,20,159,0 13,212,40,234,0 
./Images/output/box_0173.jpg 168,7,187,29,0 181,88,199,112,0 169,145,187,162,0 5,83,25,101,0 10,130,34,149,0 28,3,50,22,0 
./Images/output/box_0207.jpg 360,30,404,73,0 359,143,397,189,0 369,266,416,314,0 425,271,460,300,0 426,176,456,219,0 418,95,452,140,0 150,85,188,113,0 135,170,181,210,0 134,272,186,316,0 
./Images/output/box_0197.jpg 157,3,178,18,0 229,86,251,107,0 211,142,233,160,0 52,144,75,163,0 55,184,81,209,0 8,38,27,55,0 14,84,30,103,0 
./Images/output/box_0224.jpg 284,193,313,219,0 287,262,317,294,0 290,324,317,351,0 432,269,462,304,0 443,213,471,245,0 452,136,485,167,0 346,64,381,92,0 213,96,237,118,0 221,162,248,193,0 230,217,259,248,0 
./Images/output/box_0044.jpg 130,5,151,18,0 4,68,24,90,0 22,141,43,163,0 174,138,197,162,0 189,224,211,241,0 286,40,308,53,0 293,109,310,127,0 
./Images/output/box_0369.jpg 447,163,486,203,0 429,226,463,256,0 413,272,455,301,0 260,302,302,344,0 260,262,291,288,0 262,199,296,233,0 216,69,255,104,0 359,45,401,77,0 232,186,258,218,0 
./Images/output/box_0527.jpg 287,80,317,109,0 283,289,311,315,0 91,302,128,333,0 86,70,124,101,0 
./Images/output/box_0150.jpg 3,56,18,79,0 20,125,41,148,0 160,123,179,143,0 166,200,187,217,0 269,107,289,124,0 272,33,288,52,0 118,1,141,18,0 
./Images/output/box_0458.jpg 266,7,311,35,0 176,69,218,105,0 221,279,260,311,0 345,205,382,243,0 445,273,479,306,0 364,320,408,344,0 391,126,425,170,0 
./Images/output/box_0474.jpg 342,10,376,47,0 336,258,369,304,0 186,266,228,308,0 221,35,262,68,0 393,147,441,197,0 394,315,441,349,0 299,328,341,354,0 
./Images/output/box_0483.jpg 168,18,194,42,0 334,81,366,109,0 383,31,415,65,0 359,180,393,209,0 323,223,355,260,0 193,165,231,202,0 
./Images/output/box_0569.jpg 147,117,167,135,0 242,190,262,210,0 246,302,272,323,0 157,208,179,230,0 458,128,481,145,0 448,212,471,233,0 334,83,359,104,0 
./Images/output/box_0117.jpg 189,8,218,26,0 244,139,268,167,0 4,137,27,159,0 6,207,35,228,0 28,3,49,17,0 
./Images/output/box_0041.jpg 15,93,33,108,0 22,131,43,149,0 166,153,194,173,0 166,190,187,206,0 224,44,246,62,0 84,2,105,18,0 222,90,237,105,0 
./Images/output/box_0448.jpg 352,143,380,162,0 352,203,372,228,0 518,196,542,221,0 515,131,539,160,0 
./Images/output/box_0353.jpg 386,29,413,55,0 488,28,518,51,0 494,95,518,124,0 383,110,418,146,0 383,197,414,233,0 488,170,522,201,0 285,108,317,132,0 288,171,316,202,0 279,36,311,62,0 
./Images/output/box_0292.jpg 143,56,180,83,0 338,63,367,90,0 521,78,554,106,0 567,201,598,227,0 536,256,561,290,0 326,194,356,221,0 318,243,360,277,0 83,181,117,205,0 112,229,151,262,0 
./Images/output/box_0120.jpg 3,59,25,80,0 30,211,54,236,0 359,208,382,240,0 365,55,390,85,0 316,13,337,30,0 114,11,142,28,0 
./Images/output/box_0413.jpg 266,62,296,91,0 255,124,300,161,0 199,66,239,96,0 176,133,202,161,0 198,252,243,292,0 259,255,291,291,0 
./Images/output/box_0425.jpg 396,65,431,101,0 443,104,477,137,0 308,154,344,186,0 355,193,386,219,0 
./Images/output/box_0437.jpg 307,62,354,108,0 409,65,437,101,0 452,61,487,89,0 418,322,455,354,0 469,250,498,283,0 319,311,354,347,0 
./Images/output/box_0507.jpg 299,113,356,163,0 443,175,512,236,0 372,308,439,355,0 228,240,294,294,0 
./Images/output/box_0092.jpg 6,9,28,28,0 105,46,130,71,0 105,260,132,286,0 6,121,24,142,0 404,54,422,80,0 377,191,402,216,0 
./Images/output/box_0160.jpg 24,4,39,22,0 109,18,123,39,0 93,78,110,96,0 5,64,22,80,0 6,86,25,99,0 
./Images/output/box_0054.jpg 236,92,258,119,0 266,239,288,258,0 25,181,47,202,0 360,98,377,123,0 349,4,373,23,0 135,7,164,25,0 
./Images/output/box_0363.jpg 316,104,346,129,0 320,154,341,179,0 319,198,341,224,0 205,210,239,242,0 214,259,239,287,0 201,155,229,181,0 113,82,133,104,0 121,130,151,166,0 135,183,159,214,0 217,47,253,70,0 
./Images/output/box_0424.jpg 398,98,449,132,0 456,134,488,167,0 385,217,421,252,0 338,185,372,220,0 334,223,361,254,0 373,252,411,285,0 
./Images/output/box_0202.jpg 180,48,210,77,0 172,160,215,205,0 180,287,215,324,0 484,283,526,317,0 466,152,507,190,0 466,32,496,71,0 
./Images/output/box_0323.jpg 387,180,424,208,0 350,258,382,292,0 350,287,377,319,0 233,217,271,250,0 280,135,310,161,0 168,113,216,141,0 118,177,157,207,0 130,204,166,241,0 
./Images/output/box_0464.jpg 271,104,313,143,0 338,24,384,48,0 413,80,458,130,0 368,208,432,263,0 191,311,252,350,0 112,235,159,285,0 
./Images/output/box_0361.jpg 197,138,220,159,0 220,178,242,198,0 240,212,264,229,0 368,222,392,239,0 363,188,384,210,0 353,150,377,169,0 379,51,401,70,0 245,46,272,66,0 389,102,403,126,0 389,134,403,155,0 
./Images/output/box_0454.jpg 454,62,482,87,0 525,121,561,153,0 311,221,340,247,0 363,285,398,314,0 
./Images/output/box_0366.jpg 459,91,482,114,0 368,58,394,77,0 328,119,350,146,0 422,158,446,181,0 330,160,359,187,0 411,194,439,220,0 
./Images/output/box_0099.jpg 249,69,267,87,0 231,137,251,159,0 116,116,142,139,0 105,191,124,211,0 3,27,20,43,0 4,86,22,106,0 120,3,140,16,0 
./Images/output/box_0490.jpg 200,98,245,129,0 200,85,241,104,0 337,55,381,81,0 366,73,408,103,0 372,231,415,277,0 229,258,275,296,0 
./Images/output/box_0096.jpg 3,20,25,43,0 7,97,25,119,0 115,103,140,125,0 108,201,131,222,0 267,65,298,86,0 260,148,283,170,0 138,7,162,23,0 
./Images/output/box_0149.jpg 6,108,31,134,0 40,233,72,259,0 409,112,432,142,0 362,10,387,29,0 105,18,135,36,0 380,252,409,276,0 
./Images/output/box_0274.jpg 134,108,162,137,0 147,162,178,192,0 301,178,331,211,0 300,124,327,154,0 460,78,492,103,0 479,144,514,171,0 461,195,497,232,0 320,66,350,89,0 192,52,227,77,0 
./Images/output/box_0331.jpg 262,150,285,172,0 360,101,387,119,0 377,174,396,191,0 278,246,300,263,0 115,140,138,157,0 131,212,154,232,0 134,104,156,118,0 33,134,52,150,0 52,195,71,209,0 
./Images/output/box_0504.jpg 321,153,345,176,0 451,78,477,94,0 534,218,559,244,0 401,289,432,316,0 
./Images/output/box_0406.jpg 332,78,356,97,0 407,66,433,88,0 432,82,446,102,0 424,263,442,283,0 441,237,459,253,0 343,264,366,283,0 
./Images/output/box_0126.jpg 9,39,34,61,0 11,188,39,212,0 47,271,79,292,0 329,199,353,223,0 347,105,375,131,0 237,1,276,20,0 
./Images/output/box_0118.jpg 5,113,34,145,0 31,200,65,227,0 234,223,271,248,0 234,143,266,171,0 276,6,308,33,0 287,71,312,108,0 119,3,150,27,0 
./Images/output/box_0232.jpg 479,65,512,95,0 462,175,493,205,0 453,272,482,298,0 249,197,276,229,0 257,293,289,320,0 248,81,282,107,0 219,37,253,57,0 377,33,414,56,0 
./Images/output/box_0206.jpg 348,30,382,65,0 349,153,387,192,0 187,81,212,105,0 180,160,217,199,0 187,249,219,284,0 352,293,386,323,0 470,250,500,285,0 467,159,494,192,0 465,66,498,103,0 
./Images/output/box_0164.jpg 37,3,58,20,0 6,60,21,76,0 6,87,23,100,0 126,31,138,50,0 97,98,114,114,0 
./Images/output/box_0558.jpg 228,155,253,179,0 306,167,334,198,0 314,230,337,254,0 306,267,327,289,0 214,211,237,237,0 207,250,235,275,0 
./Images/output/box_0272.jpg 115,151,145,172,0 133,214,160,240,0 325,154,360,186,0 323,228,355,259,0 525,241,557,272,0 544,172,581,205,0 502,97,545,123,0 342,86,373,111,0 171,76,205,99,0 
./Images/output/box_0302.jpg 206,48,242,74,0 307,91,339,119,0 432,149,459,173,0 428,193,451,215,0 357,236,388,261,0 356,274,383,301,0 221,161,262,191,0 228,193,256,223,0 131,103,168,130,0 152,142,177,168,0 
./Images/output/box_0296.jpg 294,88,326,119,0 480,115,512,153,0 442,276,471,309,0 438,315,466,344,0 223,220,257,248,0 240,263,276,295,0 63,176,102,200,0 101,212,138,243,0 155,69,183,94,0 
./Images/output/box_0520.jpg 404,24,426,44,0 429,46,452,78,0 443,235,471,262,0 419,245,449,277,0 252,249,288,289,0 240,55,283,85,0 
./Images/output/box_0028.jpg 176,4,208,19,0 284,88,314,115,0 283,155,300,179,0 73,244,104,269,0 51,191,85,216,0 7,63,32,89,0 
./Images/output/box_0309.jpg 214,74,239,95,0 334,87,359,110,0 467,104,493,129,0 446,220,472,240,0 443,237,464,253,0 308,193,328,213,0 307,209,325,227,0 181,171,205,189,0 199,186,225,205,0 
./Images/output/box_0076.jpg 1,37,19,57,0 178,76,209,103,0 174,189,205,212,0 6,132,29,154,0 279,26,297,47,0 275,104,292,128,0 131,10,157,24,0 
./Images/output/box_0080.jpg 118,24,144,44,0 309,18,338,39,0 339,114,369,145,0 334,254,360,275,0 8,115,29,138,0 40,234,65,258,0 
./Images/output/box_0392.jpg 340,121,372,147,0 383,152,413,184,0 246,173,276,203,0 289,208,323,240,0 243,262,269,297,0 285,296,312,328,0 356,241,388,274,0 
./Images/output/box_0592.jpg 338,131,371,153,0 438,95,469,123,0 481,154,509,185,0 337,218,376,251,0 395,290,422,324,0 247,240,271,258,0 287,290,321,321,0 
./Images/output/box_0591.jpg 395,94,429,118,0 439,145,467,179,0 287,217,314,245,0 333,286,368,317,0 201,232,230,254,0 244,286,277,314,0 309,123,341,147,0 
./Images/output/box_0249.jpg 472,46,500,71,0 236,18,264,42,0 125,189,159,212,0 212,275,245,304,0 174,240,210,263,0 416,305,438,326,0 421,259,444,290,0 414,330,439,350,0 
./Images/output/box_0416.jpg 333,110,367,134,0 391,94,418,119,0 452,173,484,205,0 377,189,408,217,0 373,295,408,331,0 435,283,461,310,0 341,227,367,256,0 
./Images/output/box_0086.jpg 244,147,271,166,0 228,210,246,233,0 18,220,40,238,0 5,146,27,172,0 28,10,46,25,0 196,10,215,24,0 
./Images/output/box_0038.jpg 206,37,226,61,0 175,159,197,177,0 161,184,183,207,0 3,98,24,120,0 6,134,26,155,0 59,2,85,18,0 
./Images/output/box_0530.jpg 156,81,179,102,0 249,77,267,99,0 315,70,342,93,0 334,274,355,294,0 260,300,291,324,0 177,256,201,283,0 
./Images/output/box_0578.jpg 277,54,303,74,0 520,32,547,60,0 579,209,603,237,0 548,282,572,305,0 242,227,270,252,0 269,282,307,308,0 
./Images/output/box_0051.jpg 5,63,29,83,0 24,200,51,227,0 413,63,433,84,0 388,205,412,237,0 346,15,367,33,0 80,14,110,30,0 
./Images/output/box_0427.jpg 283,55,311,84,0 235,28,264,50,0 114,101,139,127,0 157,143,184,172,0 187,239,222,268,0 147,203,176,235,0 285,158,319,192,0 
./Images/output/box_0498.jpg 337,134,360,164,0 358,135,382,158,0 423,223,451,251,0 412,244,436,273,0 291,308,322,339,0 227,210,255,236,0 
./Images/output/box_0480.jpg 374,122,396,142,0 384,87,413,114,0 220,79,251,104,0 186,96,213,131,0 197,265,231,303,0 351,294,377,322,0 
./Images/output/box_0136.jpg 88,1,114,18,0 197,49,218,69,0 190,89,210,108,0 112,163,138,184,0 107,191,136,213,0 2,91,24,113,0 5,123,25,143,0 
./Images/output/box_0398.jpg 272,54,319,82,0 320,86,368,121,0 323,291,370,329,0 279,251,306,288,0 428,39,461,65,0 490,61,530,92,0 459,236,498,278,0 
./Images/output/box_0589.jpg 277,110,317,142,0 343,199,384,234,0 172,161,205,193,0 218,229,256,260,0 439,63,482,97,0 389,2,428,31,0 286,51,330,74,0 
./Images/output/box_0035.jpg 46,8,73,27,0 337,4,360,22,0 469,144,492,173,0 411,255,433,285,0 37,290,81,319,0 4,175,30,207,0 
./Images/output/box_0585.jpg 254,47,284,80,0 292,238,332,277,0 184,276,233,311,0 155,79,197,129,0 350,273,390,311,0 287,303,327,340,0 329,142,370,187,0 
./Images/output/box_0034.jpg 81,5,106,26,0 461,142,489,170,0 427,265,451,285,0 46,291,83,319,0 2,173,14,227,0 366,1,402,18,0 
./Images/output/box_0157.jpg 93,6,110,22,0 11,1,28,15,0 2,62,16,77,0 1,81,20,93,0 89,70,107,83,0 
./Images/output/box_0257.jpg 347,139,373,164,0 346,198,376,227,0 344,251,372,275,0 169,200,197,223,0 189,242,218,272,0 151,135,181,157,0 191,17,220,39,0 346,14,372,38,0 
./Images/output/box_0287.jpg 484,113,518,144,0 478,204,513,234,0 230,121,270,146,0 240,204,277,240,0 250,62,285,84,0 433,54,483,81,0 75,73,116,94,0 3,127,26,154,0 23,211,57,241,0 
./Images/output/box_0594.jpg 372,109,404,139,0 419,147,441,187,0 300,140,331,167,0 224,242,253,264,0 295,221,335,252,0 350,269,385,304,0 261,285,296,315,0 
./Images/output/box_0297.jpg 333,100,360,125,0 469,138,494,167,0 426,234,453,259,0 421,267,447,300,0 273,182,308,211,0 275,220,308,250,0 170,187,205,214,0 160,149,188,171,0 222,79,259,105,0 
./Images/output/box_0089.jpg 252,23,269,43,0 201,152,222,172,0 251,85,267,109,0 195,220,220,238,0 18,174,46,191,0 6,100,30,123,0 103,6,123,19,0 
./Images/output/box_0159.jpg 21,6,38,22,0 103,13,121,33,0 98,74,112,92,0 9,63,26,78,0 9,84,28,97,0 94,93,111,106,0 
./Images/output/box_0518.jpg 457,77,482,103,0 290,93,321,123,0 287,290,326,321,0 481,279,511,308,0 
./Images/output/box_0473.jpg 263,8,293,31,0 154,29,190,59,0 106,259,143,297,0 233,259,263,289,0 343,314,378,344,0 257,319,285,344,0 348,143,377,175,0 
./Images/output/box_0339.jpg 242,107,267,130,0 296,126,329,153,0 306,210,333,238,0 311,284,342,317,0 250,223,276,258,0 243,166,273,199,0 444,106,479,134,0 443,181,475,212,0 441,253,476,280,0 353,94,382,117,0 
./Images/output/box_0130.jpg 148,13,166,31,0 152,114,165,130,0 145,145,162,158,0 5,134,21,151,0 1,97,13,119,0 17,7,32,25,0 
./Images/output/box_0352.jpg 311,86,339,120,0 318,149,349,185,0 319,217,350,247,0 417,254,462,300,0 423,183,457,217,0 426,102,449,125,0 401,85,432,109,0 520,95,562,127,0 530,165,559,191,0 516,231,550,258,0 
./Images/output/box_0412.jpg 402,93,434,122,0 374,84,393,105,0 547,118,583,145,0 494,101,518,120,0 498,286,524,317,0 367,295,395,329,0 331,259,354,288,0 
./Images/output/box_0551.jpg 325,151,343,179,0 404,130,434,156,0 480,175,503,200,0 371,208,402,234,0 368,260,398,284,0 473,226,503,252,0 323,198,347,226,0 
./Images/output/box_0201.jpg 397,17,429,56,0 402,138,433,178,0 413,278,442,309,0 108,284,146,317,0 104,156,146,189,0 115,43,153,71,0 
./Images/output/box_0394.jpg 260,104,290,130,0 329,142,356,173,0 309,304,333,338,0 250,260,278,295,0 384,64,413,89,0 453,87,478,120,0 407,238,439,272,0 
./Images/output/box_0524.jpg 295,72,326,102,0 265,108,288,126,0 234,296,255,327,0 261,310,295,338,0 436,320,469,352,0 457,114,485,153,0 
./Images/output/box_0187.jpg 229,13,256,34,0 343,108,366,140,0 295,215,318,238,0 25,107,54,132,0 20,222,40,245,0 8,4,28,22,0 1,83,19,107,0 
./Images/output/box_0348.jpg 319,75,349,101,0 418,138,444,167,0 407,192,433,217,0 398,237,425,260,0 296,231,321,265,0 293,187,329,218,0 296,284,319,314,0 215,99,245,131,0 219,157,252,187,0 222,202,254,232,0 
./Images/output/box_0568.jpg 346,180,381,224,0 350,319,384,346,0 522,205,555,244,0 533,105,562,139,0 352,61,388,89,0 186,110,224,137,0 206,194,240,226,0 
./Images/output/box_0121.jpg 7,58,31,76,0 21,223,45,242,0 373,59,399,82,0 351,215,375,233,0 262,13,286,29,0 70,10,96,27,0 
./Images/output/box_0167.jpg 107,5,127,22,0 123,72,140,93,0 116,101,138,119,0 11,87,31,102,0 14,109,36,125,0 7,15,26,31,0 
./Images/output/box_0335.jpg 433,188,462,217,0 427,256,450,281,0 415,313,441,337,0 292,218,320,248,0 287,160,314,195,0 276,89,308,122,0 378,46,424,76,0 537,109,566,138,0 526,176,544,207,0 514,228,540,257,0 
./Images/output/box_0487.jpg 91,70,119,90,0 344,34,370,51,0 374,276,398,298,0 165,329,188,345,0 
./Images/output/box_0358.jpg 213,112,250,140,0 357,130,381,157,0 335,193,366,225,0 334,246,357,278,0 329,304,354,329,0 183,279,205,306,0 181,229,214,257,0 171,165,198,194,0 
./Images/output/box_0072.jpg 190,7,211,27,0 208,145,232,169,0 217,199,242,220,0 11,176,35,195,0 45,212,71,240,0 39,28,60,46,0 
./Images/output/box_0032.jpg 322,6,340,25,0 47,2,65,15,0 
./Images/output/box_0497.jpg 307,132,332,156,0 331,126,355,153,0 399,223,415,250,0 383,238,405,268,0 263,298,295,326,0 199,204,224,230,0 
./Images/output/box_0566.jpg 287,133,321,161,0 301,250,336,291,0 471,102,508,133,0 475,199,516,234,0 332,98,369,122,0 189,123,231,150,0 205,196,243,238,0 
./Images/output/box_0393.jpg 201,93,231,117,0 262,139,283,162,0 259,301,287,327,0 211,252,240,285,0 375,231,406,260,0 400,83,431,111,0 346,52,381,80,0 
./Images/output/box_0095.jpg 3,18,27,39,0 171,72,203,105,0 157,217,189,243,0 323,158,349,187,0 345,50,372,79,0 150,10,179,33,0 5,106,30,138,0 
./Images/output/box_0177.jpg 197,18,215,35,0 218,98,233,118,0 198,162,220,177,0 16,80,34,97,0 16,142,33,156,0 43,6,64,19,0 
./Images/output/box_0333.jpg 239,137,277,167,0 240,224,275,258,0 473,274,510,306,0 491,165,520,201,0 524,111,552,145,0 526,187,552,221,0 327,100,362,127,0 190,91,232,120,0 97,130,121,150,0 106,195,142,223,0 
./Images/output/box_0170.jpg 12,89,34,106,0 21,126,41,140,0 167,91,189,109,0 162,127,183,144,0 161,5,183,21,0 25,1,49,19,0 
./Images/output/box_0234.jpg 434,36,468,72,0 422,151,457,194,0 420,259,449,292,0 198,276,237,304,0 188,160,222,194,0 187,28,221,62,0 
./Images/output/box_0576.jpg 460,159,486,188,0 446,206,473,236,0 277,141,309,165,0 283,190,315,215,0 310,46,340,72,0 459,67,487,91,0 
./Images/output/box_0004.jpg 19,2,37,20,0 211,19,234,41,0 301,105,321,134,0 256,190,279,212,0 54,95,78,121,0 31,189,60,213,0 5,77,22,97,0 
./Images/output/box_0372.jpg 268,169,311,196,0 337,208,367,241,0 262,305,290,329,0 319,339,352,360,0 399,264,429,292,0 436,137,464,169,0 370,107,404,132,0 
./Images/output/box_0344.jpg 404,108,433,144,0 306,91,329,118,0 265,159,287,185,0 271,189,295,210,0 275,211,301,240,0 376,200,392,211,0 378,219,392,239,0 373,243,397,261,0 411,169,428,193,0 411,150,425,168,0 
./Images/output/box_0266.jpg 413,158,447,193,0 424,258,452,292,0 530,170,563,200,0 523,86,553,113,0 368,72,405,94,0 253,125,276,146,0 264,194,302,233,0 183,161,216,190,0 163,100,198,131,0 266,60,290,85,0 
./Images/output/box_0295.jpg 31,170,69,200,0 69,212,107,238,0 171,207,199,240,0 180,250,215,279,0 377,310,423,339,0 379,280,409,300,0 432,107,462,139,0 440,171,465,207,0 254,86,289,114,0 122,65,157,91,0 
./Images/output/box_0531.jpg 321,73,350,103,0 230,89,263,114,0 168,61,199,92,0 250,283,283,315,0 321,259,356,290,0 183,223,218,255,0 240,54,267,73,0 
./Images/output/box_0314.jpg 193,107,223,127,0 303,125,331,153,0 449,164,477,186,0 451,206,475,234,0 399,259,422,290,0 392,299,417,337,0 232,200,249,228,0 116,164,139,184,0 126,210,152,234,0 237,253,267,278,0 
./Images/output/box_0409.jpg 285,134,319,158,0 391,133,422,157,0 246,133,274,164,0 246,291,272,318,0 285,311,311,336,0 388,278,417,305,0 
./Images/output/box_0128.jpg 145,4,165,20,0 177,99,194,116,0 170,137,184,150,0 18,117,37,134,0 22,150,41,165,0 9,14,27,30,0 
./Images/output/box_0516.jpg 251,63,291,101,0 430,46,482,93,0 431,257,479,297,0 266,261,319,303,0 
./Images/output/box_0184.jpg 42,13,62,31,0 262,22,290,42,0 327,119,356,143,0 301,212,327,233,0 6,112,29,131,0 20,214,47,238,0 
./Images/output/box_0316.jpg 229,156,260,185,0 325,110,364,134,0 473,170,499,194,0 461,230,485,255,0 362,244,396,274,0 352,301,382,335,0 226,207,256,239,0 147,105,180,133,0 155,158,188,188,0 247,75,277,97,0 
./Images/output/box_0597.jpg 339,62,379,86,0 374,110,396,140,0 356,174,383,202,0 382,191,405,225,0 372,297,394,329,0 104,309,132,335,0 101,199,130,230,0 105,91,134,117,0 
./Images/output/box_0336.jpg 320,95,363,140,0 318,160,361,199,0 327,214,362,257,0 462,248,504,295,0 450,306,487,344,0 482,188,521,222,0 563,106,605,156,0 553,184,588,218,0 540,235,569,264,0 423,51,455,92,0 
./Images/output/box_0189.jpg 110,2,129,16,0 180,50,195,71,0 174,89,188,104,0 69,141,89,162,0 69,113,90,131,0 5,37,22,57,0 7,75,23,92,0 
./Images/output/box_0332.jpg 408,104,439,132,0 408,175,444,208,0 324,155,351,181,0 333,246,367,278,0 153,146,182,170,0 162,214,194,244,0 249,107,286,129,0 155,102,189,126,0 53,134,86,160,0 72,191,104,219,0 
./Images/output/box_0552.jpg 338,149,373,185,0 340,201,375,237,0 403,206,430,237,0 407,256,440,293,0 501,228,531,254,0 496,175,533,212,0 429,136,462,165,0 
./Images/output/box_0445.jpg 275,133,295,148,0 276,194,296,213,0 433,120,448,134,0 463,132,478,152,0 465,191,480,211,0 432,194,450,212,0 
./Images/output/box_0228.jpg 169,74,197,105,0 391,112,425,137,0 393,226,425,262,0 397,320,426,348,0 214,240,250,273,0 191,163,224,196,0 474,208,507,240,0 484,136,510,164,0 489,41,512,66,0 291,24,331,46,0 
./Images/output/box_0466.jpg 304,148,330,171,0 337,46,363,68,0 408,88,433,110,0 410,215,439,238,0 197,291,219,313,0 281,328,311,359,0 260,152,279,177,0 
./Images/output/box_0205.jpg 271,21,307,55,0 273,154,307,190,0 283,285,313,323,0 417,248,443,277,0 421,154,444,187,0 419,61,443,91,0 138,74,164,98,0 137,161,167,195,0 144,248,173,281,0 
./Images/output/box_0529.jpg 267,59,296,94,0 182,71,215,104,0 282,262,318,296,0 208,293,247,328,0 135,245,174,280,0 115,74,144,103,0 
./Images/output/box_0145.jpg 258,14,277,36,0 258,83,271,97,0 226,176,242,198,0 227,98,248,118,0 6,65,24,88,0 20,145,43,163,0 82,3,101,21,0 
./Images/output/box_0019.jpg 271,8,294,35,0 281,75,302,104,0 241,97,272,124,0 253,184,281,211,0 4,87,31,117,0 24,165,56,201,0 87,15,111,38,0 
./Images/output/box_0030.jpg 3,134,23,166,0 22,198,52,227,0 263,252,290,275,0 282,198,308,224,0 297,38,321,62,0 86,1,113,22,0 
./Images/output/box_0561.jpg 329,86,357,110,0 331,134,350,157,0 402,136,425,157,0 400,188,422,209,0 489,166,507,190,0 495,116,521,142,0 410,77,444,97,0 
./Images/output/box_0252.jpg 221,166,260,200,0 451,237,481,270,0 444,293,468,316,0 432,325,461,349,0 257,271,296,299,0 235,221,275,254,0 307,51,342,82,0 502,84,536,123,0 
./Images/output/box_0245.jpg 138,82,190,112,0 160,190,218,240,0 198,274,250,315,0 446,302,502,353,0 446,203,499,249,0 457,70,509,120,0 460,10,504,44,0 237,16,292,55,0 
./Images/output/box_0137.jpg 94,3,112,17,0 206,52,225,74,0 131,168,150,187,0 122,195,146,213,0 9,92,29,114,0 11,129,33,146,0 
./Images/output/box_0235.jpg 313,100,346,129,0 319,173,345,208,0 325,254,354,283,0 155,205,180,228,0 167,280,193,312,0 149,242,171,271,0 128,116,155,142,0 144,119,171,142,0 
./Images/output/box_0481.jpg 170,102,201,127,0 220,82,255,107,0 341,89,372,117,0 297,113,331,139,0 311,287,343,316,0 351,252,380,277,0 199,261,232,289,0 
./Images/output/box_0231.jpg 167,78,187,96,0 417,62,443,84,0 344,26,368,41,0 184,31,206,48,0 183,195,207,217,0 411,168,436,197,0 403,265,423,283,0 199,291,224,314,0 
./Images/output/box_0104.jpg 6,84,25,107,0 211,113,246,146,0 248,285,282,315,0 44,208,73,236,0 407,4,429,32,0 412,114,431,140,0 227,7,250,23,0 
./Images/output/box_0485.jpg 372,71,416,101,0 384,278,419,307,0 184,303,224,329,0 114,104,153,131,0 138,51,176,75,0 364,25,397,47,0 
./Images/output/box_0045.jpg 114,1,144,15,0 287,36,307,57,0 284,101,300,124,0 203,142,226,159,0 202,223,225,240,0 2,68,23,88,0 17,142,40,165,0 
./Images/output/box_0457.jpg 193,7,231,33,0 111,68,154,101,0 132,267,170,302,0 235,199,275,238,0 393,266,427,304,0 315,309,354,340,0 341,120,384,162,0 
./Images/output/box_0179.jpg 198,16,220,38,0 221,98,245,123,0 200,166,224,185,0 6,68,27,92,0 7,132,26,158,0 36,1,59,16,0 
./Images/output/box_0440.jpg 366,98,386,115,0 423,111,440,128,0 334,198,354,217,0 399,214,412,234,0 333,259,351,275,0 386,271,401,287,0 
./Images/output/box_0509.jpg 198,83,224,102,0 377,105,395,128,0 358,250,378,267,0 184,236,206,257,0 
./Images/output/box_0556.jpg 319,133,338,152,0 334,185,351,202,0 330,228,347,249,0 232,178,252,199,0 231,217,255,241,0 231,125,251,146,0 
./Images/output/box_0478.jpg 329,126,360,155,0 308,326,342,356,0 132,307,169,339,0 139,107,168,135,0 176,102,205,121,0 
./Images/output/box_0415.jpg 298,98,335,133,0 351,89,386,117,0 403,159,437,196,0 333,182,365,208,0 333,290,371,329,0 404,272,437,303,0 310,211,338,238,0 
./Images/output/box_0338.jpg 345,88,374,116,0 334,153,364,189,0 325,213,350,239,0 422,269,455,312,0 434,198,472,234,0 452,120,481,151,0 554,117,578,145,0 540,187,571,223,0 527,254,554,279,0 433,84,466,110,0 
./Images/output/box_0565.jpg 208,130,239,157,0 226,247,262,283,0 422,197,455,228,0 418,94,446,121,0 297,87,327,113,0 147,117,184,144,0 163,193,193,231,0 
./Images/output/box_0198.jpg 13,40,36,61,0 44,157,67,181,0 64,202,87,227,0 247,91,273,118,0 247,150,264,175,0 184,2,210,20,0 
./Images/output/box_0321.jpg 251,182,289,225,0 236,274,262,293,0 238,295,263,319,0 124,248,156,275,0 152,161,198,201,0 46,141,100,181,0 16,222,44,243,0 29,241,60,268,0 
./Images/output/box_0134.jpg 78,3,108,21,0 209,46,229,72,0 211,91,230,117,0 129,185,158,210,0 126,150,150,171,0 1,74,25,102,0 16,124,43,147,0 
./Images/output/box_0463.jpg 168,103,206,134,0 279,210,319,247,0 128,302,175,339,0 54,229,87,264,0 359,77,392,113,0 294,10,327,43,0 
./Images/output/box_0488.jpg 415,42,445,66,0 424,281,448,313,0 224,337,259,358,0 165,73,197,97,0 
./Images/output/box_0077.jpg 8,26,30,48,0 12,124,30,145,0 199,180,225,200,0 214,72,239,94,0 274,23,295,40,0 268,96,288,121,0 126,3,147,16,0 
./Images/output/box_0555.jpg 298,122,320,148,0 306,172,332,198,0 304,217,328,241,0 203,214,227,236,0 206,165,230,191,0 209,119,242,146,0 
./Images/output/box_0288.jpg 50,141,68,155,0 119,79,141,91,0 303,71,323,88,0 294,127,320,148,0 302,220,324,240,0 75,227,97,243,0 529,213,554,234,0 547,129,571,142,0 485,69,504,86,0 
./Images/output/box_0354.jpg 313,39,346,74,0 312,106,346,140,0 318,170,354,208,0 418,202,454,240,0 430,116,466,149,0 427,38,460,74,0 522,33,558,65,0 523,103,565,135,0 523,174,561,207,0 
./Images/output/box_0105.jpg 1,79,15,105,0 35,217,57,237,0 290,119,319,148,0 289,290,315,315,0 392,15,414,32,0 396,118,413,142,0 196,10,221,24,0 
./Images/output/box_0255.jpg 452,147,487,178,0 437,208,473,246,0 437,253,468,285,0 285,283,321,314,0 261,241,306,272,0 262,185,294,212,0 239,56,281,81,0 389,25,436,60,0 
./Images/output/box_0018.jpg 271,7,294,23,0 290,81,305,99,0 219,92,246,114,0 240,183,262,202,0 31,171,58,186,0 4,87,26,109,0 96,9,123,30,0 
./Images/output/box_0083.jpg 110,5,131,21,0 221,26,240,43,0 218,88,238,109,0 134,82,155,104,0 134,163,153,179,0 6,114,28,133,0 4,46,22,64,0 
./Images/output/box_0193.jpg 11,48,27,66,0 9,81,27,101,0 69,129,86,146,0 69,165,88,188,0 199,73,218,88,0 187,116,205,133,0 132,5,150,22,0 
./Images/output/box_0559.jpg 313,85,330,105,0 315,128,330,150,0 349,138,368,160,0 352,184,369,205,0 446,159,467,178,0 445,120,471,141,0 393,70,416,87,0 
./Images/output/box_0419.jpg 141,78,182,101,0 248,78,291,104,0 244,37,276,63,0 160,34,190,58,0 158,282,187,320,0 243,283,277,315,0 
./Images/output/box_0017.jpg 81,0,106,11,0 0,58,19,79,0 14,134,33,151,0 200,175,222,194,0 200,90,227,112,0 254,15,272,30,0 254,77,270,101,0 
./Images/output/box_0289.jpg 228,131,278,181,0 240,202,288,252,0 468,220,514,258,0 494,155,529,183,0 447,49,494,90,0 257,45,302,79,0 73,42,125,74,0 7,130,45,175,0 20,203,81,248,0 
./Images/output/box_0535.jpg 301,44,334,75,0 206,54,240,76,0 227,222,262,260,0 302,213,334,244,0 277,13,305,39,0 214,14,243,45,0 
./Images/output/box_0203.jpg 341,25,374,61,0 414,70,440,106,0 345,161,381,197,0 415,168,447,194,0 420,262,452,296,0 349,299,391,341,0 118,288,151,320,0 118,179,152,214,0 110,79,148,110,0 
./Images/output/box_0315.jpg 430,162,454,193,0 423,219,452,248,0 305,231,333,259,0 305,289,334,329,0 191,145,226,180,0 184,203,224,236,0 299,106,330,130,0 223,71,259,97,0 126,103,149,125,0 134,151,162,176,0 
./Images/output/box_0233.jpg 363,25,404,66,0 351,144,397,185,0 359,248,395,281,0 122,264,176,301,0 121,152,164,193,0 115,28,165,65,0 
./Images/output/box_0506.jpg 335,161,357,186,0 433,46,457,60,0 568,154,589,181,0 470,269,492,290,0 
./Images/output/box_0284.jpg 340,38,371,59,0 340,147,372,171,0 71,48,99,69,0 73,153,111,178,0 607,42,628,68,0 597,145,630,179,0 
./Images/output/box_0580.jpg 239,121,284,155,0 400,154,436,183,0 400,279,436,314,0 250,213,292,256,0 537,202,575,242,0 533,118,578,148,0 413,103,445,127,0 
./Images/output/box_0053.jpg 0,69,23,99,0 17,191,52,224,0 361,253,394,279,0 386,96,414,125,0 383,6,412,32,0 126,7,157,27,0 
./Images/output/box_0600.jpg 472,15,506,53,0 479,124,524,172,0 490,254,541,296,0 187,271,250,319,0 190,138,231,185,0 184,22,234,63,0 
./Images/output/box_0305.jpg 445,99,472,130,0 447,176,473,201,0 320,182,345,209,0 322,272,351,295,0 176,116,203,146,0 187,179,213,212,0 291,68,326,89,0 202,47,235,68,0 98,82,129,108,0 115,137,146,168,0 
./Images/output/box_0027.jpg 130,2,156,19,0 322,56,338,85,0 220,273,250,293,0 0,145,21,171,0 11,208,31,232,0 
./Images/output/box_0505.jpg 386,33,414,58,0 529,140,557,177,0 432,259,459,289,0 289,150,326,188,0 
./Images/output/box_0269.jpg 506,75,546,103,0 451,249,489,283,0 447,302,483,337,0 217,233,262,271,0 194,180,232,215,0 289,42,326,74,0 133,22,169,54,0 29,135,72,169,0 69,183,118,219,0 
./Images/output/box_0200.jpg 182,6,211,26,0 243,84,269,116,0 225,156,248,180,0 9,103,40,128,0 18,170,42,205,0 2,10,25,31,0 
./Images/output/box_0156.jpg 96,9,117,26,0 89,72,108,86,0 87,89,108,101,0 5,63,20,81,0 7,86,27,100,0 15,3,34,21,0 
./Images/output/box_0036.jpg 193,10,216,32,0 192,131,208,149,0 173,164,201,182,0 7,99,28,126,0 12,137,35,161,0 47,2,64,13,0 
./Images/output/box_0365.jpg 348,48,381,78,0 439,79,463,106,0 402,151,418,173,0 301,114,333,135,0 316,139,336,157,0 395,176,420,194,0 398,193,420,213,0 321,156,338,176,0 440,132,459,150,0 442,114,456,128,0 
./Images/output/box_0547.jpg 242,25,270,50,0 336,53,360,76,0 385,47,412,75,0 363,215,389,250,0 308,232,338,257,0 231,175,257,209,0 299,25,329,49,0 
./Images/output/box_0299.jpg 444,215,467,241,0 432,250,456,277,0 480,133,509,162,0 311,163,340,189,0 306,199,337,224,0 366,100,392,119,0 264,64,305,95,0 203,119,235,146,0 218,157,241,180,0 
./Images/output/box_0460.jpg 359,169,420,218,0 356,309,407,359,0 475,229,530,282,0 485,128,538,178,0 337,122,384,157,0 140,147,198,189,0 158,247,206,300,0 
./Images/output/box_0290.jpg 302,155,326,179,0 303,225,326,256,0 528,234,543,256,0 558,162,575,185,0 494,64,520,89,0 310,57,334,80,0 123,56,151,77,0 47,147,85,176,0 78,213,117,246,0 
./Images/output/box_0322.jpg 180,176,199,198,0 283,199,303,220,0 268,282,284,299,0 262,306,284,324,0 145,256,168,274,0 144,278,167,296,0 32,228,55,248,0 48,252,71,273,0 75,158,103,180,0 
./Images/output/box_0181.jpg 46,3,69,18,0 23,82,48,102,0 16,163,41,181,0 238,182,261,201,0 269,106,282,130,0 227,24,249,44,0 
./Images/output/box_0325.jpg 234,103,250,123,0 237,152,253,171,0 314,165,333,186,0 310,216,326,236,0 447,273,463,292,0 428,323,447,341,0 524,253,541,271,0 535,205,560,225,0 416,126,439,146,0 328,81,349,98,0 
./Images/output/box_0595.jpg 187,69,206,92,0 245,122,267,144,0 256,181,278,204,0 195,125,217,149,0 313,29,335,49,0 384,69,407,93,0 388,129,407,149,0 
./Images/output/box_0020.jpg 75,1,97,16,0 192,42,211,63,0 134,175,157,191,0 125,200,151,217,0 1,111,22,132,0 3,145,23,164,0 
./Images/output/box_0063.jpg 10,46,31,67,0 15,98,37,119,0 75,163,95,185,0 73,207,109,227,0 264,91,287,114,0 245,152,269,172,0 174,0,201,19,0 
./Images/output/box_0176.jpg 45,1,64,16,0 4,68,23,92,0 9,130,32,156,0 200,16,219,31,0 210,95,222,114,0 
./Images/output/box_0139.jpg 154,1,176,15,0 273,64,287,94,0 257,125,277,147,0 130,183,156,205,0 126,231,151,253,0 8,76,28,95,0 14,128,36,148,0 
./Images/output/box_0362.jpg 404,52,438,85,0 390,159,419,180,0 397,196,422,220,0 391,227,422,256,0 247,184,280,208,0 261,217,293,238,0 233,142,264,169,0 268,52,300,71,0 
./Images/output/box_0213.jpg 361,96,393,127,0 387,68,418,104,0 395,151,419,176,0 365,201,393,231,0 370,286,394,314,0 396,214,418,242,0 172,263,203,296,0 159,191,194,223,0 142,101,173,124,0 209,75,247,97,0 
./Images/output/box_0229.jpg 183,96,212,131,0 194,201,227,233,0 212,288,243,316,0 363,232,398,262,0 378,155,408,182,0 381,55,413,93,0 265,26,301,50,0 124,45,159,68,0 132,124,162,163,0 146,193,175,222,0 
./Images/output/box_0022.jpg 94,4,120,29,0 225,54,248,71,0 154,194,178,216,0 149,228,174,250,0 2,123,19,145,0 7,160,30,183,0 
./Images/output/box_0537.jpg 280,104,314,136,0 206,118,248,152,0 246,275,279,304,0 321,268,352,295,0 329,204,357,235,0 300,73,327,96,0 239,84,268,106,0 
./Images/output/box_0397.jpg 260,81,282,101,0 223,54,248,75,0 383,32,417,51,0 444,53,470,78,0 420,243,445,265,0 271,292,304,321,0 236,243,266,271,0 
./Images/output/box_0135.jpg 219,45,241,59,0 224,83,242,106,0 152,138,170,162,0 159,184,170,198,0 14,75,31,92,0 27,118,49,137,0 91,0,116,15,0 
./Images/output/box_0097.jpg 10,19,33,42,0 8,92,27,117,0 145,102,175,123,0 128,201,160,219,0 267,144,289,165,0 281,62,306,86,0 135,6,158,23,0 
./Images/output/box_0216.jpg 306,97,333,126,0 313,186,339,214,0 314,269,346,297,0 418,211,447,240,0 420,144,448,169,0 423,74,451,101,0 295,61,328,84,0 191,85,222,108,0 204,146,233,180,0 209,211,237,245,0 
./Images/output/box_0275.jpg 244,180,275,204,0 256,226,285,251,0 261,43,292,74,0 456,45,480,67,0 483,182,508,206,0 459,232,486,256,0 38,181,67,204,0 69,225,108,247,0 96,57,127,81,0 
./Images/output/box_0378.jpg 411,103,445,129,0 453,132,481,159,0 402,204,426,232,0 357,178,383,203,0 350,229,370,255,0 389,255,412,277,0 
./Images/output/box_0075.jpg 14,57,37,80,0 174,6,191,21,0 267,156,287,187,0 253,190,273,210,0 93,249,113,264,0 103,270,120,281,0 
./Images/output/box_0165.jpg 127,28,140,43,0 102,89,119,106,0 5,54,21,71,0 7,78,21,93,0 38,0,59,14,0 
./Images/output/box_0577.jpg 160,220,189,245,0 203,275,247,308,0 499,199,527,231,0 485,272,521,304,0 465,18,496,54,0 213,48,258,74,0 
./Images/output/box_0388.jpg 296,60,325,89,0 350,52,383,78,0 377,160,409,185,0 433,149,461,179,0 321,259,345,292,0 375,246,404,273,0 258,169,291,199,0 
./Images/output/box_0418.jpg 409,127,446,157,0 341,136,364,163,0 313,289,348,320,0 375,277,415,305,0 345,56,389,95,0 277,64,323,95,0 276,199,304,239,0 
./Images/output/box_0376.jpg 360,67,397,94,0 414,93,446,124,0 321,139,367,179,0 265,111,294,141,0 263,245,299,285,0 313,276,346,308,0 394,216,422,245,0 
./Images/output/box_0217.jpg 281,104,309,142,0 284,207,314,237,0 284,295,315,322,0 409,246,441,272,0 420,170,453,203,0 420,89,453,118,0 308,73,337,96,0 186,86,216,116,0 188,157,226,192,0 193,219,225,255,0 
./Images/output/box_0422.jpg 350,80,381,108,0 264,58,296,84,0 219,258,247,294,0 302,283,333,322,0 363,238,396,275,0 408,81,433,115,0 
./Images/output/box_0141.jpg 4,35,24,59,0 11,102,31,123,0 64,162,86,186,0 68,228,89,249,0 285,101,306,121,0 263,164,284,184,0 189,5,210,22,0 
./Images/output/box_0300.jpg 235,124,256,148,0 240,166,262,184,0 340,164,367,192,0 334,206,361,230,0 471,223,496,250,0 463,257,483,281,0 507,146,529,169,0 389,106,414,129,0 291,73,319,95,0 
./Images/output/box_0151.jpg 105,8,125,23,0 270,40,283,59,0 267,109,283,125,0 173,128,202,148,0 176,204,200,222,0 3,61,22,83,0 14,126,38,154,0 
./Images/output/box_0148.jpg 0,109,25,132,0 45,231,70,250,0 373,117,397,137,0 370,257,395,280,0 379,5,401,26,0 129,15,155,36,0 
./Images/output/box_0517.jpg 241,83,279,113,0 239,281,278,313,0 420,276,455,309,0 409,70,445,100,0 
./Images/output/box_0377.jpg 431,118,458,154,0 387,95,415,123,0 325,169,356,196,0 373,201,398,222,0 368,247,396,271,0 324,226,352,255,0 420,184,440,212,0 
./Images/output/box_0417.jpg 353,117,397,152,0 308,51,347,78,0 242,62,278,88,0 279,126,305,156,0 277,280,307,316,0 344,273,371,298,0 244,203,272,236,0 
./Images/output/box_0055.jpg 3,71,25,97,0 33,181,64,207,0 294,93,325,118,0 302,231,330,258,0 363,101,385,123,0 356,3,386,26,0 137,5,165,24,0 
./Images/output/box_0102.jpg 334,6,355,30,0 343,96,361,116,0 204,97,235,123,0 227,228,256,253,0 32,189,58,214,0 1,81,23,110,0 169,10,196,32,0 
./Images/output/box_0573.jpg 211,173,237,205,0 234,236,263,262,0 408,214,448,242,0 403,148,432,165,0 394,88,424,113,0 242,108,270,131,0 
./Images/output/box_0540.jpg 325,101,350,123,0 270,105,305,126,0 229,135,259,163,0 297,134,325,161,0 261,278,292,307,0 324,278,350,307,0 345,223,368,254,0 
./Images/output/box_0190.jpg 112,2,136,16,0 181,57,194,80,0 172,99,189,119,0 60,121,85,143,0 60,156,85,174,0 2,45,22,64,0 5,76,24,101,0 
./Images/output/box_0306.jpg 123,86,163,113,0 144,141,184,185,0 219,116,250,156,0 219,186,264,222,0 372,190,415,219,0 368,274,421,310,0 485,185,522,225,0 490,100,532,143,0 332,67,379,100,0 241,46,279,84,0 
./Images/output/box_0499.jpg 332,135,363,164,0 363,136,390,162,0 406,246,425,275,0 391,263,408,291,0 252,294,284,320,0 216,184,242,213,0 
./Images/output/box_0410.jpg 330,141,353,166,0 285,138,316,165,0 283,295,308,327,0 324,316,355,342,0 414,286,450,315,0 424,133,451,167,0 
./Images/output/box_0132.jpg 191,17,209,37,0 195,54,213,74,0 162,159,188,177,0 151,128,177,147,0 4,88,24,112,0 22,129,48,149,0 50,2,78,17,0 
./Images/output/box_0285.jpg 230,40,252,64,0 231,129,257,159,0 462,142,485,163,0 475,46,498,72,0 3,44,26,66,0 8,133,38,161,0 
./Images/output/box_0133.jpg 43,3,61,14,0 181,17,200,35,0 156,129,179,147,0 1,95,20,115,0 17,133,38,150,0 155,160,174,173,0 
./Images/output/box_0070.jpg 4,35,20,56,0 22,165,49,195,0 42,225,70,240,0 207,113,237,137,0 212,171,234,197,0 150,9,169,24,0 
./Images/output/box_0124.jpg 318,42,338,68,0 318,102,334,129,0 235,260,258,282,0 230,202,257,230,0 2,104,20,136,0 23,177,53,202,0 114,2,139,20,0 
./Images/output/box_0465.jpg 286,34,320,68,0 361,77,394,109,0 329,201,369,246,0 215,136,248,174,0 136,271,169,306,0 231,320,265,354,0 
./Images/output/box_0403.jpg 125,65,150,86,0 204,58,236,80,0 261,85,285,111,0 266,252,284,278,0 213,285,236,311,0 125,281,151,309,0 
./Images/output/box_0277.jpg 498,126,531,155,0 499,301,523,329,0 463,328,493,351,0 245,255,271,277,0 245,285,278,311,0 297,80,327,111,0 106,52,148,76,0 21,192,58,222,0 67,236,99,263,0 
./Images/output/box_0546.jpg 306,94,334,115,0 252,99,280,121,0 244,244,268,268,0 291,230,320,254,0 179,193,204,216,0 180,60,204,88,0 229,57,257,79,0 
./Images/output/box_0087.jpg 12,4,30,16,0 20,145,37,163,0 20,212,39,231,0 247,136,266,156,0 217,209,236,226,0 173,3,194,20,0 
./Images/output/box_0002.jpg 20,43,40,68,0 13,133,37,154,0 266,73,281,98,0 230,148,252,172,0 212,1,231,14,0 
./Images/output/box_0451.jpg 176,93,218,124,0 187,176,228,210,0 400,150,441,191,0 438,140,470,171,0 430,54,462,92,0 393,43,429,80,0 
./Images/output/box_0278.jpg 345,85,375,121,0 302,256,340,288,0 302,291,335,318,0 543,308,578,334,0 503,332,538,360,0 542,130,583,174,0 147,51,188,92,0 74,199,115,233,0 98,238,141,269,0 
./Images/output/box_0311.jpg 247,35,286,58,0 313,109,356,147,0 425,214,458,248,0 319,298,353,329,0 221,176,253,210,0 156,84,192,108,0 168,118,193,145,0 
./Images/output/box_0514.jpg 251,34,281,59,0 351,181,377,207,0 183,275,226,312,0 90,142,132,184,0 
./Images/output/box_0107.jpg 4,99,25,127,0 25,188,56,217,0 263,172,295,203,0 250,256,274,281,0 321,7,344,30,0 
./Images/output/box_0450.jpg 207,18,223,37,0 183,115,198,135,0 446,111,464,130,0 470,106,488,122,0 400,222,424,241,0 279,34,300,46,0 448,179,461,198,0 
./Images/output/box_0538.jpg 324,115,358,141,0 360,275,388,308,0 287,282,320,316,0 248,126,276,155,0 270,89,298,109,0 333,84,357,104,0 
./Images/output/box_0405.jpg 360,57,398,85,0 398,70,428,103,0 400,218,439,257,0 367,250,404,288,0 290,250,337,294,0 278,62,323,97,0 
./Images/output/box_0574.jpg 277,121,296,135,0 256,190,276,203,0 277,249,296,264,0 451,154,473,170,0 457,224,480,241,0 425,100,448,115,0 
./Images/output/box_0390.jpg 328,76,360,100,0 386,69,412,87,0 471,153,496,185,0 418,170,443,193,0 355,267,377,294,0 401,249,429,279,0 296,176,323,208,0 
./Images/output/box_0268.jpg 110,96,149,122,0 179,121,214,159,0 125,157,151,182,0 177,194,211,234,0 307,290,352,338,0 306,180,338,220,0 471,208,504,242,0 450,121,499,160,0 319,87,354,118,0 229,67,259,90,0 
./Images/output/box_0108.jpg 131,9,161,26,0 348,11,379,36,0 323,92,351,117,0 320,219,344,243,0 34,178,69,203,0 8,68,38,93,0 
./Images/output/box_0431.jpg 238,83,270,114,0 208,60,238,87,0 351,50,384,69,0 390,69,425,101,0 367,233,404,266,0 248,277,271,304,0 213,236,239,265,0 
./Images/output/box_0048.jpg 277,66,306,87,0 279,132,299,151,0 101,193,126,212,0 113,237,140,263,0 6,79,27,102,0 161,3,188,22,0 
./Images/output/box_0486.jpg 191,107,215,132,0 449,79,486,108,0 433,27,460,56,0 206,60,243,80,0 248,309,289,338,0 430,287,476,316,0 
./Images/output/box_0532.jpg 300,92,333,124,0 365,77,409,111,0 278,58,311,82,0 199,62,242,102,0 218,228,260,264,0 293,286,333,324,0 366,260,405,297,0 
./Images/output/box_0484.jpg 400,82,430,118,0 448,43,472,76,0 406,190,423,220,0 370,240,391,263,0 233,178,260,211,0 224,20,247,44,0 
./Images/output/box_0420.jpg 320,80,370,122,0 282,39,320,68,0 202,36,239,64,0 211,76,246,103,0 212,297,256,330,0 297,290,340,325,0 
./Images/output/box_0005.jpg 22,3,39,20,0 201,26,222,46,0 301,110,322,138,0 257,189,284,211,0 90,98,113,123,0 49,188,85,220,0 2,76,24,102,0 
./Images/output/box_0371.jpg 214,162,254,194,0 282,205,319,242,0 221,289,245,321,0 274,330,306,359,0 360,248,405,287,0 382,128,422,167,0 326,97,373,134,0 
./Images/output/box_0182.jpg 237,29,261,51,0 277,112,311,142,0 255,193,283,221,0 11,83,32,112,0 13,176,43,207,0 42,11,66,29,0 
./Images/output/box_0596.jpg 288,125,316,151,0 285,184,318,215,0 412,136,440,157,0 416,75,443,104,0 340,41,366,59,0 216,75,245,96,0 224,131,251,156,0 
./Images/output/box_0469.jpg 379,215,418,258,0 322,273,360,311,0 227,156,269,203,0 132,238,183,285,0 99,84,134,120,0 156,16,195,46,0 314,102,346,140,0 
./Images/output/box_0062.jpg 2,54,23,81,0 166,15,190,31,0 246,103,269,126,0 235,167,254,182,0 43,181,68,203,0 54,227,78,247,0 
./Images/output/box_0301.jpg 281,82,311,107,0 399,142,425,168,0 399,186,423,210,0 316,226,346,254,0 319,268,352,295,0 198,150,226,179,0 197,188,222,216,0 123,132,152,161,0 112,96,136,120,0 190,42,224,66,0 
./Images/output/box_0174.jpg 54,2,75,17,0 204,13,223,33,0 201,86,222,108,0 16,71,38,91,0 24,130,44,149,0 
./Images/output/box_0525.jpg 236,26,257,52,0 203,60,225,84,0 411,87,442,118,0 379,307,402,336,0 179,289,212,318,0 154,274,182,299,0 
./Images/output/box_0111.jpg 7,63,32,86,0 11,181,34,208,0 374,145,399,171,0 318,260,346,286,0 343,40,367,62,0 102,1,133,16,0 
./Images/output/box_0153.jpg 5,55,32,77,0 21,138,43,165,0 211,169,243,193,0 201,258,226,286,0 341,64,364,85,0 322,140,347,171,0 143,3,171,20,0 
./Images/output/box_0158.jpg 31,13,48,32,0 110,22,131,43,0 101,88,117,104,0 9,79,30,90,0 15,100,34,113,0 99,110,113,118,0 
./Images/output/box_0429.jpg 148,94,168,115,0 177,128,207,154,0 198,282,224,305,0 168,245,192,268,0 330,86,357,108,0 285,53,310,76,0 319,224,349,254,0 
./Images/output/box_0593.jpg 345,107,370,130,0 386,156,412,178,0 276,136,298,158,0 255,219,281,244,0 312,267,345,297,0 193,237,214,259,0 232,281,264,307,0 
./Images/output/box_0572.jpg 326,89,356,114,0 401,134,427,160,0 398,206,427,229,0 197,191,227,216,0 218,255,247,290,0 162,123,188,146,0 180,189,204,218,0 
./Images/output/box_0270.jpg 258,197,286,216,0 276,244,309,267,0 340,51,363,74,0 568,84,588,107,0 531,264,563,289,0 516,318,537,336,0 178,32,197,50,0 82,146,107,165,0 121,200,154,221,0 
./Images/output/box_0093.jpg 214,45,238,79,0 188,260,207,284,0 396,194,412,215,0 432,62,446,85,0 15,8,35,25,0 11,121,26,144,0 
./Images/output/box_0059.jpg 335,48,364,76,0 106,89,139,121,0 105,215,131,245,0 325,152,350,178,0 200,15,222,32,0 10,26,29,49,0 7,120,30,150,0 
./Images/output/box_0324.jpg 301,150,325,173,0 416,181,437,209,0 383,275,406,290,0 378,300,411,320,0 256,229,282,250,0 252,254,279,277,0 146,189,173,211,0 161,219,187,240,0 197,123,231,147,0 
./Images/output/box_0444.jpg 233,50,275,86,0 326,77,355,118,0 327,170,364,206,0 246,177,286,211,0 34,91,68,119,0 41,189,66,217,0 
./Images/output/box_0380.jpg 288,128,329,161,0 326,175,356,201,0 291,257,320,289,0 323,295,356,332,0 429,246,476,281,0 462,125,496,166,0 419,84,455,119,0 
./Images/output/box_0438.jpg 376,84,409,105,0 510,72,536,94,0 488,81,511,102,0 420,77,453,94,0 480,332,508,356,0 379,312,410,342,0 
./Images/output/box_0492.jpg 305,176,330,195,0 427,169,454,194,0 433,300,457,325,0 307,301,340,330,0 411,155,443,173,0 305,163,334,178,0 
./Images/output/box_0512.jpg 246,79,288,106,0 265,229,317,260,0 433,194,477,228,0 411,42,465,82,0 
./Images/output/box_0069.jpg 6,39,22,58,0 12,98,29,117,0 97,160,113,175,0 249,91,266,106,0 240,149,254,162,0 137,4,152,19,0 
./Images/output/box_0496.jpg 288,138,316,164,0 317,136,344,156,0 400,214,431,254,0 404,191,427,223,0 312,313,338,344,0 217,248,249,273,0 
./Images/output/box_0462.jpg 431,84,464,111,0 464,174,492,210,0 369,288,410,327,0 324,148,362,178,0 129,196,170,231,0 168,303,207,334,0 
./Images/output/box_0303.jpg 462,125,486,154,0 464,182,488,215,0 363,215,406,244,0 358,282,399,315,0 201,137,245,168,0 315,76,349,97,0 207,48,248,72,0 114,92,145,118,0 123,142,158,176,0 
./Images/output/box_0068.jpg 139,6,159,27,0 238,91,262,114,0 230,146,253,171,0 71,162,94,181,0 3,37,21,60,0 9,89,35,118,0 
./Images/output/box_0006.jpg 174,6,193,21,0 311,50,331,67,0 299,140,320,158,0 105,149,122,167,0 108,239,133,261,0 3,63,19,96,0 14,142,37,161,0 
./Images/output/box_0094.jpg 334,36,359,64,0 117,63,142,90,0 114,209,141,235,0 322,149,345,175,0 2,13,24,35,0 3,100,25,127,0 159,1,190,19,0 
./Images/output/box_0152.jpg 147,1,172,18,0 319,60,355,86,0 319,152,339,172,0 162,168,196,193,0 0,55,18,79,0 17,141,39,163,0 
./Images/output/box_0550.jpg 257,153,276,175,0 342,201,364,221,0 340,249,358,277,0 259,201,283,225,0 417,223,440,246,0 417,174,443,198,0 330,135,355,156,0 
./Images/output/box_0564.jpg 386,160,415,191,0 380,264,407,298,0 468,212,498,245,0 478,137,509,167,0 327,108,360,132,0 217,127,245,154,0 220,200,250,233,0 
./Images/output/box_0240.jpg 379,15,410,46,0 385,98,413,131,0 389,181,416,211,0 291,255,327,294,0 282,160,320,190,0 275,48,312,76,0 102,48,132,74,0 120,131,158,166,0 139,210,172,243,0 210,22,250,43,0 
./Images/output/box_0183.jpg 213,19,235,40,0 276,105,299,131,0 241,190,266,209,0 15,80,34,104,0 5,170,30,189,0 21,2,43,20,0 
./Images/output/box_0263.jpg 183,67,219,90,0 294,72,344,104,0 479,94,515,131,0 481,174,519,217,0 398,177,429,217,0 390,279,445,323,0 189,136,227,171,0 202,210,245,254,0 72,116,114,151,0 98,174,145,214,0 
./Images/output/box_0347.jpg 376,127,410,160,0 370,185,396,214,0 367,233,398,260,0 259,273,295,307,0 251,228,290,259,0 254,176,289,209,0 295,67,329,99,0 181,99,215,129,0 194,149,217,183,0 201,191,227,219,0 
./Images/output/box_0178.jpg 217,19,243,45,0 230,102,251,129,0 210,169,234,191,0 13,137,46,163,0 6,67,33,89,0 54,3,80,17,0 
./Images/output/box_0073.jpg 23,25,45,45,0 177,7,200,28,0 210,151,233,176,0 11,181,33,199,0 28,225,59,246,0 210,203,232,224,0 
./Images/output/box_0168.jpg 123,3,142,19,0 9,1,28,19,0 7,85,28,102,0 137,84,155,96,0 128,111,149,126,0 
./Images/output/box_0098.jpg 251,73,265,91,0 232,144,251,161,0 96,199,116,217,0 97,128,116,144,0 124,6,145,22,0 4,33,19,49,0 5,96,21,111,0 
./Images/output/box_0342.jpg 259,73,295,118,0 267,142,314,194,0 277,205,325,254,0 450,229,500,277,0 471,163,514,198,0 482,88,519,124,0 475,30,513,62,0 304,31,349,66,0 
./Images/output/box_0025.jpg 5,134,30,154,0 15,186,40,208,0 214,218,243,248,0 195,266,223,285,0 286,45,305,71,0 
./Images/output/box_0161.jpg 107,18,124,37,0 24,4,46,20,0 6,58,27,76,0 8,83,27,97,0 93,76,116,91,0 93,96,116,109,0 
./Images/output/box_0246.jpg 214,88,253,131,0 233,197,275,243,0 261,293,295,325,0 509,306,549,346,0 535,212,568,253,0 548,90,585,126,0 523,20,560,53,0 294,34,332,56,0 
./Images/output/box_0502.jpg 468,148,487,174,0 318,161,346,182,0 330,276,353,300,0 473,289,491,311,0 491,278,514,295,0 484,153,502,175,0 
./Images/output/box_0355.jpg 213,57,246,89,0 226,120,264,155,0 245,178,276,213,0 350,244,387,282,0 345,178,378,211,0 341,99,369,130,0 455,46,484,77,0 459,111,492,143,0 452,174,482,205,0 327,17,367,43,0 
./Images/output/box_0009.jpg 145,0,173,15,0 299,35,325,59,0 292,113,313,138,0 161,155,193,181,0 155,242,185,265,0 0,73,21,99,0 8,146,33,175,0 
./Images/output/box_0402.jpg 313,86,344,102,0 367,182,393,214,0 357,269,381,295,0 297,205,321,230,0 301,284,325,309,0 254,94,279,121,0 272,194,288,223,0 
./Images/output/box_0247.jpg 373,38,402,59,0 385,122,411,150,0 265,103,293,135,0 288,224,319,254,0 311,312,344,349,0 393,198,418,236,0 88,188,128,225,0 115,261,162,299,0 58,94,90,129,0 178,42,227,59,0 
./Images/output/box_0226.jpg 492,105,527,140,0 183,91,215,116,0 192,192,234,227,0 472,216,506,247,0 454,300,482,327,0 217,278,252,307,0 252,21,284,42,0 459,29,497,52,0 
./Images/output/box_0212.jpg 345,161,367,180,0 167,131,192,148,0 169,208,196,229,0 174,274,195,290,0 338,237,359,259,0 334,312,350,330,0 373,238,388,259,0 381,185,395,203,0 379,119,401,141,0 240,99,262,118,0 
./Images/output/box_0282.jpg 371,120,403,154,0 495,133,529,166,0 552,284,576,310,0 507,323,537,347,0 392,271,427,300,0 361,304,398,334,0 356,28,386,55,0 461,48,495,72,0 
./Images/output/box_0439.jpg 335,86,357,111,0 389,103,410,120,0 361,202,380,229,0 296,188,324,212,0 307,246,329,271,0 359,259,383,282,0 
./Images/output/box_0367.jpg 338,190,362,213,0 223,187,244,209,0 211,278,237,304,0 228,311,250,333,0 331,314,360,338,0 336,282,365,308,0 
./Images/output/box_0046.jpg 210,4,231,21,0 340,57,363,84,0 318,154,346,178,0 90,224,119,257,0 81,102,113,132,0 7,19,28,42,0 10,107,33,133,0 
./Images/output/box_0571.jpg 345,119,393,156,0 291,78,332,106,0 125,113,162,143,0 130,175,185,218,0 159,243,211,283,0 346,193,396,228,0 
./Images/output/box_0185.jpg 222,21,247,47,0 311,108,335,138,0 276,207,305,236,0 3,204,31,240,0 4,100,34,136,0 4,5,29,30,0 
./Images/output/box_0391.jpg 311,116,336,136,0 353,142,377,169,0 218,164,244,188,0 260,204,280,226,0 256,287,278,315,0 217,258,244,284,0 333,235,361,259,0 
./Images/output/box_0435.jpg 153,37,184,66,0 279,43,309,77,0 274,216,305,250,0 150,255,185,294,0 101,234,138,269,0 101,46,135,73,0 
./Images/output/box_0040.jpg 78,10,105,27,0 222,48,242,72,0 218,93,239,113,0 152,159,179,183,0 156,194,180,217,0 17,135,42,158,0 7,95,28,122,0 
./Images/output/box_0312.jpg 354,122,387,153,0 451,219,478,255,0 360,302,388,321,0 349,320,376,340,0 264,189,293,211,0 185,96,210,114,0 191,124,212,145,0 267,44,304,67,0 
./Images/output/box_0169.jpg 10,10,32,24,0 120,6,142,24,0 143,81,160,102,0 133,113,155,129,0 16,87,33,105,0 13,117,35,133,0 
./Images/output/box_0113.jpg 142,5,179,21,0 356,88,387,131,0 250,253,273,275,0 211,309,239,328,0 5,73,26,105,0 15,156,39,184,0 
./Images/output/box_0100.jpg 127,8,145,23,0 242,70,259,96,0 228,136,247,156,0 100,130,118,149,0 100,193,117,209,0 9,34,33,52,0 16,91,32,111,0 
./Images/output/box_0385.jpg 214,46,235,63,0 278,40,298,61,0 328,136,347,158,0 255,147,279,167,0 237,243,257,262,0 297,232,314,248,0 203,152,223,174,0 
./Images/output/box_0320.jpg 283,146,301,166,0 279,164,313,181,0 380,165,396,179,0 372,178,398,195,0 471,183,494,199,0 466,196,488,208,0 489,109,508,125,0 390,89,412,111,0 298,72,321,94,0 
./Images/output/box_0122.jpg 49,1,74,21,0 6,137,29,158,0 20,182,39,202,0 241,172,264,192,0 219,209,239,229,0 246,28,263,52,0 
./Images/output/box_0261.jpg 228,156,278,200,0 229,228,292,280,0 488,276,535,319,0 521,187,551,217,0 499,95,536,130,0 289,82,333,114,0 127,73,166,102,0 23,142,65,172,0 55,215,89,247,0 
./Images/output/box_0360.jpg 356,130,391,162,0 373,232,405,257,0 356,266,384,287,0 232,241,265,269,0 239,274,269,299,0 226,137,255,163,0 
./Images/output/box_0057.jpg 213,13,240,32,0 341,60,363,87,0 318,182,339,203,0 28,223,61,246,0 28,81,49,105,0 2,15,21,37,0 0,111,15,130,0 
./Images/output/box_0389.jpg 297,66,326,91,0 357,62,378,82,0 434,151,456,177,0 379,168,400,190,0 325,266,346,288,0 376,244,400,271,0 266,169,295,203,0 
./Images/output/box_0112.jpg 172,3,206,18,0 378,94,400,120,0 356,170,381,194,0 218,310,250,332,0 226,248,254,278,0 12,79,37,107,0 31,159,58,183,0 
./Images/output/box_0381.jpg 301,66,320,84,0 282,49,300,67,0 436,44,455,56,0 486,63,502,78,0 454,245,473,261,0 302,278,323,296,0 280,229,297,256,0 
./Images/output/box_0064.jpg 222,8,249,30,0 233,144,258,162,0 223,186,241,206,0 28,173,53,194,0 10,131,36,150,0 46,6,71,22,0 
./Images/output/box_0259.jpg 225,48,263,87,0 230,184,269,216,0 245,294,287,330,0 408,229,449,273,0 408,136,451,176,0 405,33,456,73,0 137,50,177,88,0 152,138,188,181,0 159,215,206,254,0 
./Images/output/box_0056.jpg 1,76,23,101,0 13,219,41,239,0 328,172,348,196,0 345,58,371,77,0 240,5,270,22,0 10,5,32,27,0 
./Images/output/box_0214.jpg 198,110,217,126,0 209,200,232,222,0 221,283,239,300,0 423,298,441,320,0 429,208,447,233,0 432,112,450,128,0 435,84,454,99,0 260,85,282,99,0 
./Images/output/box_0061.jpg 5,52,23,72,0 94,170,115,196,0 12,122,36,145,0 294,81,321,101,0 281,152,303,176,0 174,2,203,17,0 
./Images/output/box_0241.jpg 364,2,408,44,0 362,140,399,174,0 361,260,387,294,0 105,223,157,265,0 76,119,125,168,0 67,6,118,47,0 139,1,169,15,0 393,87,414,117,0 394,161,414,194,0 
./Images/output/box_0346.jpg 335,121,366,145,0 241,158,268,179,0 245,201,271,227,0 241,233,271,256,0 324,252,351,278,0 321,286,342,303,0 319,306,342,335,0 400,263,428,282,0 413,233,437,256,0 428,195,448,222,0 
./Images/output/box_0188.jpg 4,36,21,56,0 9,75,21,90,0 66,142,82,161,0 60,111,84,130,0 168,49,192,74,0 170,88,189,110,0 105,1,128,16,0 
./Images/output/box_0549.jpg 310,123,346,154,0 388,173,420,194,0 388,216,411,233,0 308,196,336,218,0 306,247,339,273,0 232,146,254,172,0 234,192,260,222,0 
./Images/output/box_0142.jpg 24,5,46,20,0 217,17,236,35,0 272,110,293,130,0 242,181,265,206,0 16,96,38,118,0 13,181,36,202,0 
./Images/output/box_0313.jpg 401,159,442,188,0 416,204,438,236,0 346,256,379,284,0 343,298,380,340,0 183,195,223,226,0 269,124,304,152,0 162,97,203,124,0 82,152,116,181,0 95,204,131,240,0 
./Images/output/box_0172.jpg 171,4,188,20,0 169,84,191,106,0 166,132,187,151,0 1,73,21,97,0 7,120,27,142,0 32,1,50,18,0 
./Images/output/box_0191.jpg 1,41,17,60,0 1,75,19,93,0 68,116,84,137,0 65,150,84,169,0 103,1,127,15,0 
./Images/output/box_0493.jpg 275,103,301,131,0 290,88,319,115,0 403,125,431,148,0 398,144,426,172,0 347,267,378,297,0 239,228,275,263,0 
./Images/output/box_0016.jpg 3,60,18,82,0 20,133,42,154,0 184,95,210,114,0 194,172,219,194,0 95,1,118,14,0 260,9,279,30,0 262,76,279,102,0 
./Images/output/box_0560.jpg 329,90,355,118,0 330,138,351,161,0 376,146,397,170,0 377,184,397,213,0 468,166,486,191,0 472,125,491,149,0 413,78,437,100,0 
./Images/output/box_0144.jpg 258,15,275,36,0 81,5,116,20,0 1,61,25,89,0 19,140,40,160,0 196,92,227,113,0 260,80,278,103,0 197,170,228,190,0 
./Images/output/box_0013.jpg 117,6,137,23,0 238,104,256,123,0 217,150,234,171,0 98,210,131,236,0 128,171,150,196,0 3,44,31,70,0 6,97,24,120,0 
./Images/output/box_0015.jpg 122,3,151,24,0 251,118,272,143,0 230,165,250,190,0 95,235,118,262,0 117,194,146,220,0 0,41,27,64,0 
./Images/output/box_0386.jpg 243,49,272,74,0 305,48,334,69,0 299,150,323,178,0 368,145,392,169,0 327,234,347,259,0 261,243,292,274,0 228,148,255,178,0 
./Images/output/box_0503.jpg 407,65,437,89,0 496,213,523,241,0 363,280,404,310,0 275,144,311,172,0 
./Images/output/box_0049.jpg 151,1,177,14,0 278,70,299,88,0 267,128,289,150,0 114,186,141,212,0 121,240,145,262,0 2,79,26,103,0 13,135,35,157,0 
./Images/output/box_0395.jpg 358,31,388,61,0 278,13,330,41,0 150,52,182,84,0 207,81,268,117,0 234,285,272,325,0 167,252,211,294,0 342,199,376,241,0 
./Images/output/box_0340.jpg 273,110,305,136,0 347,132,383,153,0 379,104,413,122,0 480,122,509,141,0 480,190,507,218,0 476,260,503,288,0 353,212,387,242,0 352,295,384,321,0 275,175,303,207,0 278,235,309,263,0 
./Images/output/box_0286.jpg 290,47,313,70,0 287,141,318,165,0 526,60,554,81,0 516,149,543,172,0 42,49,64,69,0 55,139,88,164,0 
./Images/output/box_0236.jpg 351,115,383,136,0 361,190,383,214,0 369,268,389,286,0 204,218,228,241,0 215,298,239,320,0 179,246,200,273,0 170,189,196,217,0 163,123,187,146,0 192,124,220,148,0 
./Images/output/box_0081.jpg 269,6,301,27,0 346,103,371,128,0 326,234,348,260,0 28,229,59,251,0 6,100,32,128,0 76,7,97,30,0 
./Images/output/box_0326.jpg 255,108,291,133,0 353,168,376,199,0 255,157,282,181,0 341,220,367,261,0 485,269,524,301,0 459,323,495,350,0 567,205,601,233,0 551,251,579,282,0 434,128,472,159,0 339,77,379,106,0 
./Images/output/box_0453.jpg 397,51,425,78,0 469,115,500,146,0 257,208,294,243,0 316,266,350,306,0 
./Images/output/box_0350.jpg 216,82,239,107,0 365,153,396,186,0 469,105,502,131,0 329,51,361,75,0 219,153,246,185,0 356,235,386,268,0 460,173,482,208,0 442,241,467,265,0 342,307,375,339,0 221,215,245,249,0 
./Images/output/box_0599.jpg 125,27,159,49,0 115,140,151,172,0 112,263,154,298,0 414,252,460,285,0 411,127,441,161,0 399,10,435,35,0 
./Images/output/box_0211.jpg 348,113,366,137,0 347,173,362,198,0 341,231,359,255,0 293,228,313,252,0 293,303,312,323,0 299,154,316,173,0 210,91,230,113,0 128,123,155,146,0 129,195,160,228,0 139,261,170,291,0 
./Images/output/box_0221.jpg 403,80,434,116,0 395,155,428,196,0 380,219,428,254,0 276,261,309,297,0 271,314,319,351,0 266,193,312,226,0 140,222,179,259,0 120,166,165,205,0 98,89,140,129,0 240,20,281,52,0 
./Images/output/box_0039.jpg 51,2,72,19,0 198,43,220,66,0 178,161,198,178,0 157,188,176,204,0 4,102,20,121,0 3,142,21,155,0 
